region_code,region_name,timestamp,price
13,North Wales & Mersey,00:00 01-02-2021,9.49
13,North Wales & Mersey,00:30 01-02-2021,9.49
13,North Wales & Mersey,01:00 01-02-2021,9.49
13,North Wales & Mersey,01:30 01-02-2021,9.49
13,North Wales & Mersey,02:00 01-02-2021,9.49
13,North Wales & Mersey,02:30 01-02-2021,9.49
13,North Wales & Mersey,03:00 01-02-2021,9.49
13,North Wales & Mersey,03:30 01-02-2021,9.49
13,North Wales & Mersey,04:00 01-02-2021,9.49
13,North Wales & Mersey,04:30 01-02-2021,9.49
13,North Wales & Mersey,05:00 01-02-2021,9.49
13,North Wales & Mersey,05:30 01-02-2021,9.49
13,North Wales & Mersey,06:00 01-02-2021,9.49
13,North Wales & Mersey,06:30 01-02-2021,9.49
13,North Wales & Mersey,07:00 01-02-2021,10.28
13,North Wales & Mersey,07:30 01-02-2021,10.28
13,North Wales & Mersey,08:00 01-02-2021,10.6
13,North Wales & Mersey,08:30 01-02-2021,10.6
13,North Wales & Mersey,09:00 01-02-2021,10.6
13,North Wales & Mersey,09:30 01-02-2021,10.6
13,North Wales & Mersey,10:00 01-02-2021,10.6
13,North Wales & Mersey,10:30 01-02-2021,10.6
13,North Wales & Mersey,11:00 01-02-2021,10.6
13,North Wales & Mersey,11:30 01-02-2021,10.6
13,North Wales & Mersey,12:00 01-02-2021,10.6
13,North Wales & Mersey,12:30 01-02-2021,10.6
13,North Wales & Mersey,13:00 01-02-2021,10.6
13,North Wales & Mersey,13:30 01-02-2021,10.6
13,North Wales & Mersey,14:00 01-02-2021,10.6
13,North Wales & Mersey,14:30 01-02-2021,10.6
13,North Wales & Mersey,15:00 01-02-2021,10.6
13,North Wales & Mersey,15:30 01-02-2021,10.6
13,North Wales & Mersey,16:00 01-02-2021,23.56
13,North Wales & Mersey,16:30 01-02-2021,28.1
13,North Wales & Mersey,17:00 01-02-2021,28.1
13,North Wales & Mersey,17:30 01-02-2021,28.1
13,North Wales & Mersey,18:00 01-02-2021,28.1
13,North Wales & Mersey,18:30 01-02-2021,28.1
13,North Wales & Mersey,19:00 01-02-2021,14.34
13,North Wales & Mersey,19:30 01-02-2021,9.81
13,North Wales & Mersey,20:00 01-02-2021,9.81
13,North Wales & Mersey,20:30 01-02-2021,9.81
13,North Wales & Mersey,21:00 01-02-2021,9.81
13,North Wales & Mersey,21:30 01-02-2021,9.81
13,North Wales & Mersey,22:00 01-02-2021,9.81
13,North Wales & Mersey,22:30 01-02-2021,9.81
13,North Wales & Mersey,23:00 01-02-2021,9.81
13,North Wales & Mersey,23:30 01-02-2021,9.81
13,North Wales & Mersey,00:00 02-02-2021,10.45
13,North Wales & Mersey,00:30 02-02-2021,10.45
13,North Wales & Mersey,01:00 02-02-2021,10.45
13,North Wales & Mersey,01:30 02-02-2021,10.45
13,North Wales & Mersey,02:00 02-02-2021,10.45
13,North Wales & Mersey,02:30 02-02-2021,10.45
13,North Wales & Mersey,03:00 02-02-2021,10.45
13,North Wales & Mersey,03:30 02-02-2021,10.45
13,North Wales & Mersey,04:00 02-02-2021,10.45
13,North Wales & Mersey,04:30 02-02-2021,10.45
13,North Wales & Mersey,05:00 02-02-2021,10.45
13,North Wales & Mersey,05:30 02-02-2021,10.45
13,North Wales & Mersey,06:00 02-02-2021,10.45
13,North Wales & Mersey,06:30 02-02-2021,10.45
13,North Wales & Mersey,07:00 02-02-2021,10.72
13,North Wales & Mersey,07:30 02-02-2021,10.72
13,North Wales & Mersey,08:00 02-02-2021,11.03
13,North Wales & Mersey,08:30 02-02-2021,11.03
13,North Wales & Mersey,09:00 02-02-2021,11.03
13,North Wales & Mersey,09:30 02-02-2021,11.03
13,North Wales & Mersey,10:00 02-02-2021,11.03
13,North Wales & Mersey,10:30 02-02-2021,11.03
13,North Wales & Mersey,11:00 02-02-2021,11.03
13,North Wales & Mersey,11:30 02-02-2021,11.03
13,North Wales & Mersey,12:00 02-02-2021,11.03
13,North Wales & Mersey,12:30 02-02-2021,11.03
13,North Wales & Mersey,13:00 02-02-2021,11.03
13,North Wales & Mersey,13:30 02-02-2021,11.03
13,North Wales & Mersey,14:00 02-02-2021,11.03
13,North Wales & Mersey,14:30 02-02-2021,11.03
13,North Wales & Mersey,15:00 02-02-2021,11.03
13,North Wales & Mersey,15:30 02-02-2021,11.03
13,North Wales & Mersey,16:00 02-02-2021,24.0
13,North Wales & Mersey,16:30 02-02-2021,28.53
13,North Wales & Mersey,17:00 02-02-2021,28.53
13,North Wales & Mersey,17:30 02-02-2021,28.53
13,North Wales & Mersey,18:00 02-02-2021,28.53
13,North Wales & Mersey,18:30 02-02-2021,28.53
13,North Wales & Mersey,19:00 02-02-2021,15.3
13,North Wales & Mersey,19:30 02-02-2021,10.76
13,North Wales & Mersey,20:00 02-02-2021,10.76
13,North Wales & Mersey,20:30 02-02-2021,10.76
13,North Wales & Mersey,21:00 02-02-2021,10.76
13,North Wales & Mersey,21:30 02-02-2021,10.76
13,North Wales & Mersey,22:00 02-02-2021,10.76
13,North Wales & Mersey,22:30 02-02-2021,10.76
13,North Wales & Mersey,23:00 02-02-2021,10.76
13,North Wales & Mersey,23:30 02-02-2021,10.76
13,North Wales & Mersey,00:00 03-02-2021,9.68
13,North Wales & Mersey,00:30 03-02-2021,9.68
13,North Wales & Mersey,01:00 03-02-2021,9.68
13,North Wales & Mersey,01:30 03-02-2021,9.68
13,North Wales & Mersey,02:00 03-02-2021,9.68
13,North Wales & Mersey,02:30 03-02-2021,9.68
13,North Wales & Mersey,03:00 03-02-2021,9.68
13,North Wales & Mersey,03:30 03-02-2021,9.68
13,North Wales & Mersey,04:00 03-02-2021,9.68
13,North Wales & Mersey,04:30 03-02-2021,9.68
13,North Wales & Mersey,05:00 03-02-2021,9.68
13,North Wales & Mersey,05:30 03-02-2021,9.68
13,North Wales & Mersey,06:00 03-02-2021,9.68
13,North Wales & Mersey,06:30 03-02-2021,9.68
13,North Wales & Mersey,07:00 03-02-2021,10.48
13,North Wales & Mersey,07:30 03-02-2021,10.48
13,North Wales & Mersey,08:00 03-02-2021,10.79
13,North Wales & Mersey,08:30 03-02-2021,10.79
13,North Wales & Mersey,09:00 03-02-2021,10.79
13,North Wales & Mersey,09:30 03-02-2021,10.79
13,North Wales & Mersey,10:00 03-02-2021,10.79
13,North Wales & Mersey,10:30 03-02-2021,10.79
13,North Wales & Mersey,11:00 03-02-2021,10.79
13,North Wales & Mersey,11:30 03-02-2021,10.79
13,North Wales & Mersey,12:00 03-02-2021,10.79
13,North Wales & Mersey,12:30 03-02-2021,10.79
13,North Wales & Mersey,13:00 03-02-2021,10.79
13,North Wales & Mersey,13:30 03-02-2021,10.79
13,North Wales & Mersey,14:00 03-02-2021,10.79
13,North Wales & Mersey,14:30 03-02-2021,10.79
13,North Wales & Mersey,15:00 03-02-2021,10.79
13,North Wales & Mersey,15:30 03-02-2021,10.79
13,North Wales & Mersey,16:00 03-02-2021,23.76
13,North Wales & Mersey,16:30 03-02-2021,28.29
13,North Wales & Mersey,17:00 03-02-2021,28.29
13,North Wales & Mersey,17:30 03-02-2021,28.29
13,North Wales & Mersey,18:00 03-02-2021,28.29
13,North Wales & Mersey,18:30 03-02-2021,28.29
13,North Wales & Mersey,19:00 03-02-2021,14.53
13,North Wales & Mersey,19:30 03-02-2021,9.99
13,North Wales & Mersey,20:00 03-02-2021,9.99
13,North Wales & Mersey,20:30 03-02-2021,9.99
13,North Wales & Mersey,21:00 03-02-2021,9.99
13,North Wales & Mersey,21:30 03-02-2021,9.99
13,North Wales & Mersey,22:00 03-02-2021,9.99
13,North Wales & Mersey,22:30 03-02-2021,9.99
13,North Wales & Mersey,23:00 03-02-2021,9.99
13,North Wales & Mersey,23:30 03-02-2021,9.99
13,North Wales & Mersey,00:00 04-02-2021,9.93
13,North Wales & Mersey,00:30 04-02-2021,9.93
13,North Wales & Mersey,01:00 04-02-2021,9.93
13,North Wales & Mersey,01:30 04-02-2021,9.93
13,North Wales & Mersey,02:00 04-02-2021,9.93
13,North Wales & Mersey,02:30 04-02-2021,9.93
13,North Wales & Mersey,03:00 04-02-2021,9.93
13,North Wales & Mersey,03:30 04-02-2021,9.93
13,North Wales & Mersey,04:00 04-02-2021,9.93
13,North Wales & Mersey,04:30 04-02-2021,9.93
13,North Wales & Mersey,05:00 04-02-2021,9.93
13,North Wales & Mersey,05:30 04-02-2021,9.93
13,North Wales & Mersey,06:00 04-02-2021,9.93
13,North Wales & Mersey,06:30 04-02-2021,9.93
13,North Wales & Mersey,07:00 04-02-2021,10.54
13,North Wales & Mersey,07:30 04-02-2021,10.54
13,North Wales & Mersey,08:00 04-02-2021,10.85
13,North Wales & Mersey,08:30 04-02-2021,10.85
13,North Wales & Mersey,09:00 04-02-2021,10.85
13,North Wales & Mersey,09:30 04-02-2021,10.85
13,North Wales & Mersey,10:00 04-02-2021,10.85
13,North Wales & Mersey,10:30 04-02-2021,10.85
13,North Wales & Mersey,11:00 04-02-2021,10.85
13,North Wales & Mersey,11:30 04-02-2021,10.85
13,North Wales & Mersey,12:00 04-02-2021,10.85
13,North Wales & Mersey,12:30 04-02-2021,10.85
13,North Wales & Mersey,13:00 04-02-2021,10.85
13,North Wales & Mersey,13:30 04-02-2021,10.85
13,North Wales & Mersey,14:00 04-02-2021,10.85
13,North Wales & Mersey,14:30 04-02-2021,10.85
13,North Wales & Mersey,15:00 04-02-2021,10.85
13,North Wales & Mersey,15:30 04-02-2021,10.85
13,North Wales & Mersey,16:00 04-02-2021,23.82
13,North Wales & Mersey,16:30 04-02-2021,28.35
13,North Wales & Mersey,17:00 04-02-2021,28.35
13,North Wales & Mersey,17:30 04-02-2021,28.35
13,North Wales & Mersey,18:00 04-02-2021,28.35
13,North Wales & Mersey,18:30 04-02-2021,28.35
13,North Wales & Mersey,19:00 04-02-2021,14.78
13,North Wales & Mersey,19:30 04-02-2021,10.25
13,North Wales & Mersey,20:00 04-02-2021,10.25
13,North Wales & Mersey,20:30 04-02-2021,10.25
13,North Wales & Mersey,21:00 04-02-2021,10.25
13,North Wales & Mersey,21:30 04-02-2021,10.25
13,North Wales & Mersey,22:00 04-02-2021,10.25
13,North Wales & Mersey,22:30 04-02-2021,10.25
13,North Wales & Mersey,23:00 04-02-2021,10.25
13,North Wales & Mersey,23:30 04-02-2021,10.25
13,North Wales & Mersey,00:00 05-02-2021,10.56
13,North Wales & Mersey,00:30 05-02-2021,10.56
13,North Wales & Mersey,01:00 05-02-2021,10.56
13,North Wales & Mersey,01:30 05-02-2021,10.56
13,North Wales & Mersey,02:00 05-02-2021,10.56
13,North Wales & Mersey,02:30 05-02-2021,10.56
13,North Wales & Mersey,03:00 05-02-2021,10.56
13,North Wales & Mersey,03:30 05-02-2021,10.56
13,North Wales & Mersey,04:00 05-02-2021,10.56
13,North Wales & Mersey,04:30 05-02-2021,10.56
13,North Wales & Mersey,05:00 05-02-2021,10.56
13,North Wales & Mersey,05:30 05-02-2021,10.56
13,North Wales & Mersey,06:00 05-02-2021,10.56
13,North Wales & Mersey,06:30 05-02-2021,10.56
13,North Wales & Mersey,07:00 05-02-2021,10.89
13,North Wales & Mersey,07:30 05-02-2021,10.89
13,North Wales & Mersey,08:00 05-02-2021,11.2
13,North Wales & Mersey,08:30 05-02-2021,11.2
13,North Wales & Mersey,09:00 05-02-2021,11.2
13,North Wales & Mersey,09:30 05-02-2021,11.2
13,North Wales & Mersey,10:00 05-02-2021,11.2
13,North Wales & Mersey,10:30 05-02-2021,11.2
13,North Wales & Mersey,11:00 05-02-2021,11.2
13,North Wales & Mersey,11:30 05-02-2021,11.2
13,North Wales & Mersey,12:00 05-02-2021,11.2
13,North Wales & Mersey,12:30 05-02-2021,11.2
13,North Wales & Mersey,13:00 05-02-2021,11.2
13,North Wales & Mersey,13:30 05-02-2021,11.2
13,North Wales & Mersey,14:00 05-02-2021,11.2
13,North Wales & Mersey,14:30 05-02-2021,11.2
13,North Wales & Mersey,15:00 05-02-2021,11.2
13,North Wales & Mersey,15:30 05-02-2021,11.2
13,North Wales & Mersey,16:00 05-02-2021,24.17
13,North Wales & Mersey,16:30 05-02-2021,28.7
13,North Wales & Mersey,17:00 05-02-2021,28.7
13,North Wales & Mersey,17:30 05-02-2021,28.7
13,North Wales & Mersey,18:00 05-02-2021,28.7
13,North Wales & Mersey,18:30 05-02-2021,28.7
13,North Wales & Mersey,19:00 05-02-2021,15.4
13,North Wales & Mersey,19:30 05-02-2021,10.87
13,North Wales & Mersey,20:00 05-02-2021,10.87
13,North Wales & Mersey,20:30 05-02-2021,10.87
13,North Wales & Mersey,21:00 05-02-2021,10.87
13,North Wales & Mersey,21:30 05-02-2021,10.87
13,North Wales & Mersey,22:00 05-02-2021,10.87
13,North Wales & Mersey,22:30 05-02-2021,10.87
13,North Wales & Mersey,23:00 05-02-2021,10.87
13,North Wales & Mersey,23:30 05-02-2021,10.87
13,North Wales & Mersey,00:00 06-02-2021,10.54
13,North Wales & Mersey,00:30 06-02-2021,10.54
13,North Wales & Mersey,01:00 06-02-2021,10.54
13,North Wales & Mersey,01:30 06-02-2021,10.54
13,North Wales & Mersey,02:00 06-02-2021,10.54
13,North Wales & Mersey,02:30 06-02-2021,10.54
13,North Wales & Mersey,03:00 06-02-2021,10.54
13,North Wales & Mersey,03:30 06-02-2021,10.54
13,North Wales & Mersey,04:00 06-02-2021,10.54
13,North Wales & Mersey,04:30 06-02-2021,10.54
13,North Wales & Mersey,05:00 06-02-2021,10.54
13,North Wales & Mersey,05:30 06-02-2021,10.54
13,North Wales & Mersey,06:00 06-02-2021,10.54
13,North Wales & Mersey,06:30 06-02-2021,10.54
13,North Wales & Mersey,07:00 06-02-2021,11.03
13,North Wales & Mersey,07:30 06-02-2021,11.03
13,North Wales & Mersey,08:00 06-02-2021,11.03
13,North Wales & Mersey,08:30 06-02-2021,11.03
13,North Wales & Mersey,09:00 06-02-2021,11.03
13,North Wales & Mersey,09:30 06-02-2021,11.03
13,North Wales & Mersey,10:00 06-02-2021,11.03
13,North Wales & Mersey,10:30 06-02-2021,11.03
13,North Wales & Mersey,11:00 06-02-2021,11.03
13,North Wales & Mersey,11:30 06-02-2021,11.03
13,North Wales & Mersey,12:00 06-02-2021,11.03
13,North Wales & Mersey,12:30 06-02-2021,11.03
13,North Wales & Mersey,13:00 06-02-2021,11.03
13,North Wales & Mersey,13:30 06-02-2021,11.03
13,North Wales & Mersey,14:00 06-02-2021,11.03
13,North Wales & Mersey,14:30 06-02-2021,11.03
13,North Wales & Mersey,15:00 06-02-2021,11.03
13,North Wales & Mersey,15:30 06-02-2021,11.03
13,North Wales & Mersey,16:00 06-02-2021,11.35
13,North Wales & Mersey,16:30 06-02-2021,11.35
13,North Wales & Mersey,17:00 06-02-2021,11.35
13,North Wales & Mersey,17:30 06-02-2021,11.35
13,North Wales & Mersey,18:00 06-02-2021,11.35
13,North Wales & Mersey,18:30 06-02-2021,11.35
13,North Wales & Mersey,19:00 06-02-2021,10.85
13,North Wales & Mersey,19:30 06-02-2021,10.85
13,North Wales & Mersey,20:00 06-02-2021,10.85
13,North Wales & Mersey,20:30 06-02-2021,10.85
13,North Wales & Mersey,21:00 06-02-2021,10.85
13,North Wales & Mersey,21:30 06-02-2021,10.85
13,North Wales & Mersey,22:00 06-02-2021,10.85
13,North Wales & Mersey,22:30 06-02-2021,10.85
13,North Wales & Mersey,23:00 06-02-2021,10.85
13,North Wales & Mersey,23:30 06-02-2021,10.85
13,North Wales & Mersey,00:00 07-02-2021,10.28
13,North Wales & Mersey,00:30 07-02-2021,10.28
13,North Wales & Mersey,01:00 07-02-2021,10.28
13,North Wales & Mersey,01:30 07-02-2021,10.28
13,North Wales & Mersey,02:00 07-02-2021,10.28
13,North Wales & Mersey,02:30 07-02-2021,10.28
13,North Wales & Mersey,03:00 07-02-2021,10.28
13,North Wales & Mersey,03:30 07-02-2021,10.28
13,North Wales & Mersey,04:00 07-02-2021,10.28
13,North Wales & Mersey,04:30 07-02-2021,10.28
13,North Wales & Mersey,05:00 07-02-2021,10.28
13,North Wales & Mersey,05:30 07-02-2021,10.28
13,North Wales & Mersey,06:00 07-02-2021,10.28
13,North Wales & Mersey,06:30 07-02-2021,10.28
13,North Wales & Mersey,07:00 07-02-2021,10.58
13,North Wales & Mersey,07:30 07-02-2021,10.58
13,North Wales & Mersey,08:00 07-02-2021,10.58
13,North Wales & Mersey,08:30 07-02-2021,10.58
13,North Wales & Mersey,09:00 07-02-2021,10.58
13,North Wales & Mersey,09:30 07-02-2021,10.58
13,North Wales & Mersey,10:00 07-02-2021,10.58
13,North Wales & Mersey,10:30 07-02-2021,10.58
13,North Wales & Mersey,11:00 07-02-2021,10.58
13,North Wales & Mersey,11:30 07-02-2021,10.58
13,North Wales & Mersey,12:00 07-02-2021,10.58
13,North Wales & Mersey,12:30 07-02-2021,10.58
13,North Wales & Mersey,13:00 07-02-2021,10.58
13,North Wales & Mersey,13:30 07-02-2021,10.58
13,North Wales & Mersey,14:00 07-02-2021,10.58
13,North Wales & Mersey,14:30 07-02-2021,10.58
13,North Wales & Mersey,15:00 07-02-2021,10.58
13,North Wales & Mersey,15:30 07-02-2021,10.58
13,North Wales & Mersey,16:00 07-02-2021,10.9
13,North Wales & Mersey,16:30 07-02-2021,10.9
13,North Wales & Mersey,17:00 07-02-2021,10.9
13,North Wales & Mersey,17:30 07-02-2021,10.9
13,North Wales & Mersey,18:00 07-02-2021,10.9
13,North Wales & Mersey,18:30 07-02-2021,10.9
13,North Wales & Mersey,19:00 07-02-2021,10.59
13,North Wales & Mersey,19:30 07-02-2021,10.59
13,North Wales & Mersey,20:00 07-02-2021,10.59
13,North Wales & Mersey,20:30 07-02-2021,10.59
13,North Wales & Mersey,21:00 07-02-2021,10.59
13,North Wales & Mersey,21:30 07-02-2021,10.59
13,North Wales & Mersey,22:00 07-02-2021,10.59
13,North Wales & Mersey,22:30 07-02-2021,10.59
13,North Wales & Mersey,23:00 07-02-2021,10.59
13,North Wales & Mersey,23:30 07-02-2021,10.59
13,North Wales & Mersey,00:00 08-02-2021,10.04
13,North Wales & Mersey,00:30 08-02-2021,10.04
13,North Wales & Mersey,01:00 08-02-2021,10.04
13,North Wales & Mersey,01:30 08-02-2021,10.04
13,North Wales & Mersey,02:00 08-02-2021,10.04
13,North Wales & Mersey,02:30 08-02-2021,10.04
13,North Wales & Mersey,03:00 08-02-2021,10.04
13,North Wales & Mersey,03:30 08-02-2021,10.04
13,North Wales & Mersey,04:00 08-02-2021,10.04
13,North Wales & Mersey,04:30 08-02-2021,10.04
13,North Wales & Mersey,05:00 08-02-2021,10.04
13,North Wales & Mersey,05:30 08-02-2021,10.04
13,North Wales & Mersey,06:00 08-02-2021,10.04
13,North Wales & Mersey,06:30 08-02-2021,10.04
13,North Wales & Mersey,07:00 08-02-2021,10.65
13,North Wales & Mersey,07:30 08-02-2021,10.65
13,North Wales & Mersey,08:00 08-02-2021,10.96
13,North Wales & Mersey,08:30 08-02-2021,10.96
13,North Wales & Mersey,09:00 08-02-2021,10.96
13,North Wales & Mersey,09:30 08-02-2021,10.96
13,North Wales & Mersey,10:00 08-02-2021,10.96
13,North Wales & Mersey,10:30 08-02-2021,10.96
13,North Wales & Mersey,11:00 08-02-2021,10.96
13,North Wales & Mersey,11:30 08-02-2021,10.96
13,North Wales & Mersey,12:00 08-02-2021,10.96
13,North Wales & Mersey,12:30 08-02-2021,10.96
13,North Wales & Mersey,13:00 08-02-2021,10.96
13,North Wales & Mersey,13:30 08-02-2021,10.96
13,North Wales & Mersey,14:00 08-02-2021,10.96
13,North Wales & Mersey,14:30 08-02-2021,10.96
13,North Wales & Mersey,15:00 08-02-2021,10.96
13,North Wales & Mersey,15:30 08-02-2021,10.96
13,North Wales & Mersey,16:00 08-02-2021,23.93
13,North Wales & Mersey,16:30 08-02-2021,28.46
13,North Wales & Mersey,17:00 08-02-2021,28.46
13,North Wales & Mersey,17:30 08-02-2021,28.46
13,North Wales & Mersey,18:00 08-02-2021,28.46
13,North Wales & Mersey,18:30 08-02-2021,28.46
13,North Wales & Mersey,19:00 08-02-2021,14.89
13,North Wales & Mersey,19:30 08-02-2021,10.36
13,North Wales & Mersey,20:00 08-02-2021,10.36
13,North Wales & Mersey,20:30 08-02-2021,10.36
13,North Wales & Mersey,21:00 08-02-2021,10.36
13,North Wales & Mersey,21:30 08-02-2021,10.36
13,North Wales & Mersey,22:00 08-02-2021,10.36
13,North Wales & Mersey,22:30 08-02-2021,10.36
13,North Wales & Mersey,23:00 08-02-2021,10.36
13,North Wales & Mersey,23:30 08-02-2021,10.36
13,North Wales & Mersey,00:00 09-02-2021,9.65
13,North Wales & Mersey,00:30 09-02-2021,9.65
13,North Wales & Mersey,01:00 09-02-2021,9.65
13,North Wales & Mersey,01:30 09-02-2021,9.65
13,North Wales & Mersey,02:00 09-02-2021,9.65
13,North Wales & Mersey,02:30 09-02-2021,9.65
13,North Wales & Mersey,03:00 09-02-2021,9.65
13,North Wales & Mersey,03:30 09-02-2021,9.65
13,North Wales & Mersey,04:00 09-02-2021,9.65
13,North Wales & Mersey,04:30 09-02-2021,9.65
13,North Wales & Mersey,05:00 09-02-2021,9.65
13,North Wales & Mersey,05:30 09-02-2021,9.65
13,North Wales & Mersey,06:00 09-02-2021,9.65
13,North Wales & Mersey,06:30 09-02-2021,9.65
13,North Wales & Mersey,07:00 09-02-2021,10.77
13,North Wales & Mersey,07:30 09-02-2021,10.77
13,North Wales & Mersey,08:00 09-02-2021,11.08
13,North Wales & Mersey,08:30 09-02-2021,11.08
13,North Wales & Mersey,09:00 09-02-2021,11.08
13,North Wales & Mersey,09:30 09-02-2021,11.08
13,North Wales & Mersey,10:00 09-02-2021,11.08
13,North Wales & Mersey,10:30 09-02-2021,11.08
13,North Wales & Mersey,11:00 09-02-2021,11.08
13,North Wales & Mersey,11:30 09-02-2021,11.08
13,North Wales & Mersey,12:00 09-02-2021,11.08
13,North Wales & Mersey,12:30 09-02-2021,11.08
13,North Wales & Mersey,13:00 09-02-2021,11.08
13,North Wales & Mersey,13:30 09-02-2021,11.08
13,North Wales & Mersey,14:00 09-02-2021,11.08
13,North Wales & Mersey,14:30 09-02-2021,11.08
13,North Wales & Mersey,15:00 09-02-2021,11.08
13,North Wales & Mersey,15:30 09-02-2021,11.08
13,North Wales & Mersey,16:00 09-02-2021,24.05
13,North Wales & Mersey,16:30 09-02-2021,28.58
13,North Wales & Mersey,17:00 09-02-2021,28.58
13,North Wales & Mersey,17:30 09-02-2021,28.58
13,North Wales & Mersey,18:00 09-02-2021,28.58
13,North Wales & Mersey,18:30 09-02-2021,28.58
13,North Wales & Mersey,19:00 09-02-2021,14.5
13,North Wales & Mersey,19:30 09-02-2021,9.96
13,North Wales & Mersey,20:00 09-02-2021,9.96
13,North Wales & Mersey,20:30 09-02-2021,9.96
13,North Wales & Mersey,21:00 09-02-2021,9.96
13,North Wales & Mersey,21:30 09-02-2021,9.96
13,North Wales & Mersey,22:00 09-02-2021,9.96
13,North Wales & Mersey,22:30 09-02-2021,9.96
13,North Wales & Mersey,23:00 09-02-2021,9.96
13,North Wales & Mersey,23:30 09-02-2021,9.96
13,North Wales & Mersey,00:00 10-02-2021,9.66
13,North Wales & Mersey,00:30 10-02-2021,9.66
13,North Wales & Mersey,01:00 10-02-2021,9.66
13,North Wales & Mersey,01:30 10-02-2021,9.66
13,North Wales & Mersey,02:00 10-02-2021,9.66
13,North Wales & Mersey,02:30 10-02-2021,9.66
13,North Wales & Mersey,03:00 10-02-2021,9.66
13,North Wales & Mersey,03:30 10-02-2021,9.66
13,North Wales & Mersey,04:00 10-02-2021,9.66
13,North Wales & Mersey,04:30 10-02-2021,9.66
13,North Wales & Mersey,05:00 10-02-2021,9.66
13,North Wales & Mersey,05:30 10-02-2021,9.66
13,North Wales & Mersey,06:00 10-02-2021,9.66
13,North Wales & Mersey,06:30 10-02-2021,9.66
13,North Wales & Mersey,07:00 10-02-2021,10.6
13,North Wales & Mersey,07:30 10-02-2021,10.6
13,North Wales & Mersey,08:00 10-02-2021,10.92
13,North Wales & Mersey,08:30 10-02-2021,10.92
13,North Wales & Mersey,09:00 10-02-2021,10.92
13,North Wales & Mersey,09:30 10-02-2021,10.92
13,North Wales & Mersey,10:00 10-02-2021,10.92
13,North Wales & Mersey,10:30 10-02-2021,10.92
13,North Wales & Mersey,11:00 10-02-2021,10.92
13,North Wales & Mersey,11:30 10-02-2021,10.92
13,North Wales & Mersey,12:00 10-02-2021,10.92
13,North Wales & Mersey,12:30 10-02-2021,10.92
13,North Wales & Mersey,13:00 10-02-2021,10.92
13,North Wales & Mersey,13:30 10-02-2021,10.92
13,North Wales & Mersey,14:00 10-02-2021,10.92
13,North Wales & Mersey,14:30 10-02-2021,10.92
13,North Wales & Mersey,15:00 10-02-2021,10.92
13,North Wales & Mersey,15:30 10-02-2021,10.92
13,North Wales & Mersey,16:00 10-02-2021,23.88
13,North Wales & Mersey,16:30 10-02-2021,28.42
13,North Wales & Mersey,17:00 10-02-2021,28.42
13,North Wales & Mersey,17:30 10-02-2021,28.42
13,North Wales & Mersey,18:00 10-02-2021,28.42
13,North Wales & Mersey,18:30 10-02-2021,28.42
13,North Wales & Mersey,19:00 10-02-2021,14.51
13,North Wales & Mersey,19:30 10-02-2021,9.97
13,North Wales & Mersey,20:00 10-02-2021,9.97
13,North Wales & Mersey,20:30 10-02-2021,9.97
13,North Wales & Mersey,21:00 10-02-2021,9.97
13,North Wales & Mersey,21:30 10-02-2021,9.97
13,North Wales & Mersey,22:00 10-02-2021,9.97
13,North Wales & Mersey,22:30 10-02-2021,9.97
13,North Wales & Mersey,23:00 10-02-2021,9.97
13,North Wales & Mersey,23:30 10-02-2021,9.97
13,North Wales & Mersey,00:00 11-02-2021,9.85
13,North Wales & Mersey,00:30 11-02-2021,9.85
13,North Wales & Mersey,01:00 11-02-2021,9.85
13,North Wales & Mersey,01:30 11-02-2021,9.85
13,North Wales & Mersey,02:00 11-02-2021,9.85
13,North Wales & Mersey,02:30 11-02-2021,9.85
13,North Wales & Mersey,03:00 11-02-2021,9.85
13,North Wales & Mersey,03:30 11-02-2021,9.85
13,North Wales & Mersey,04:00 11-02-2021,9.85
13,North Wales & Mersey,04:30 11-02-2021,9.85
13,North Wales & Mersey,05:00 11-02-2021,9.85
13,North Wales & Mersey,05:30 11-02-2021,9.85
13,North Wales & Mersey,06:00 11-02-2021,9.85
13,North Wales & Mersey,06:30 11-02-2021,9.85
13,North Wales & Mersey,07:00 11-02-2021,10.47
13,North Wales & Mersey,07:30 11-02-2021,10.47
13,North Wales & Mersey,08:00 11-02-2021,10.79
13,North Wales & Mersey,08:30 11-02-2021,10.79
13,North Wales & Mersey,09:00 11-02-2021,10.79
13,North Wales & Mersey,09:30 11-02-2021,10.79
13,North Wales & Mersey,10:00 11-02-2021,10.79
13,North Wales & Mersey,10:30 11-02-2021,10.79
13,North Wales & Mersey,11:00 11-02-2021,10.79
13,North Wales & Mersey,11:30 11-02-2021,10.79
13,North Wales & Mersey,12:00 11-02-2021,10.79
13,North Wales & Mersey,12:30 11-02-2021,10.79
13,North Wales & Mersey,13:00 11-02-2021,10.79
13,North Wales & Mersey,13:30 11-02-2021,10.79
13,North Wales & Mersey,14:00 11-02-2021,10.79
13,North Wales & Mersey,14:30 11-02-2021,10.79
13,North Wales & Mersey,15:00 11-02-2021,10.79
13,North Wales & Mersey,15:30 11-02-2021,10.79
13,North Wales & Mersey,16:00 11-02-2021,23.75
13,North Wales & Mersey,16:30 11-02-2021,28.29
13,North Wales & Mersey,17:00 11-02-2021,28.29
13,North Wales & Mersey,17:30 11-02-2021,28.29
13,North Wales & Mersey,18:00 11-02-2021,28.29
13,North Wales & Mersey,18:30 11-02-2021,28.29
13,North Wales & Mersey,19:00 11-02-2021,14.69
13,North Wales & Mersey,19:30 11-02-2021,10.16
13,North Wales & Mersey,20:00 11-02-2021,10.16
13,North Wales & Mersey,20:30 11-02-2021,10.16
13,North Wales & Mersey,21:00 11-02-2021,10.16
13,North Wales & Mersey,21:30 11-02-2021,10.16
13,North Wales & Mersey,22:00 11-02-2021,10.16
13,North Wales & Mersey,22:30 11-02-2021,10.16
13,North Wales & Mersey,23:00 11-02-2021,10.16
13,North Wales & Mersey,23:30 11-02-2021,10.16
13,North Wales & Mersey,00:00 12-02-2021,10.06
13,North Wales & Mersey,00:30 12-02-2021,10.06
13,North Wales & Mersey,01:00 12-02-2021,10.06
13,North Wales & Mersey,01:30 12-02-2021,10.06
13,North Wales & Mersey,02:00 12-02-2021,10.06
13,North Wales & Mersey,02:30 12-02-2021,10.06
13,North Wales & Mersey,03:00 12-02-2021,10.06
13,North Wales & Mersey,03:30 12-02-2021,10.06
13,North Wales & Mersey,04:00 12-02-2021,10.06
13,North Wales & Mersey,04:30 12-02-2021,10.06
13,North Wales & Mersey,05:00 12-02-2021,10.06
13,North Wales & Mersey,05:30 12-02-2021,10.06
13,North Wales & Mersey,06:00 12-02-2021,10.06
13,North Wales & Mersey,06:30 12-02-2021,10.06
13,North Wales & Mersey,07:00 12-02-2021,10.62
13,North Wales & Mersey,07:30 12-02-2021,10.62
13,North Wales & Mersey,08:00 12-02-2021,10.93
13,North Wales & Mersey,08:30 12-02-2021,10.93
13,North Wales & Mersey,09:00 12-02-2021,10.93
13,North Wales & Mersey,09:30 12-02-2021,10.93
13,North Wales & Mersey,10:00 12-02-2021,10.93
13,North Wales & Mersey,10:30 12-02-2021,10.93
13,North Wales & Mersey,11:00 12-02-2021,10.93
13,North Wales & Mersey,11:30 12-02-2021,10.93
13,North Wales & Mersey,12:00 12-02-2021,10.93
13,North Wales & Mersey,12:30 12-02-2021,10.93
13,North Wales & Mersey,13:00 12-02-2021,10.93
13,North Wales & Mersey,13:30 12-02-2021,10.93
13,North Wales & Mersey,14:00 12-02-2021,10.93
13,North Wales & Mersey,14:30 12-02-2021,10.93
13,North Wales & Mersey,15:00 12-02-2021,10.93
13,North Wales & Mersey,15:30 12-02-2021,10.93
13,North Wales & Mersey,16:00 12-02-2021,23.9
13,North Wales & Mersey,16:30 12-02-2021,28.43
13,North Wales & Mersey,17:00 12-02-2021,28.43
13,North Wales & Mersey,17:30 12-02-2021,28.43
13,North Wales & Mersey,18:00 12-02-2021,28.43
13,North Wales & Mersey,18:30 12-02-2021,28.43
13,North Wales & Mersey,19:00 12-02-2021,14.91
13,North Wales & Mersey,19:30 12-02-2021,10.38
13,North Wales & Mersey,20:00 12-02-2021,10.38
13,North Wales & Mersey,20:30 12-02-2021,10.38
13,North Wales & Mersey,21:00 12-02-2021,10.38
13,North Wales & Mersey,21:30 12-02-2021,10.38
13,North Wales & Mersey,22:00 12-02-2021,10.38
13,North Wales & Mersey,22:30 12-02-2021,10.38
13,North Wales & Mersey,23:00 12-02-2021,10.38
13,North Wales & Mersey,23:30 12-02-2021,10.38
13,North Wales & Mersey,00:00 13-02-2021,10.27
13,North Wales & Mersey,00:30 13-02-2021,10.27
13,North Wales & Mersey,01:00 13-02-2021,10.27
13,North Wales & Mersey,01:30 13-02-2021,10.27
13,North Wales & Mersey,02:00 13-02-2021,10.27
13,North Wales & Mersey,02:30 13-02-2021,10.27
13,North Wales & Mersey,03:00 13-02-2021,10.27
13,North Wales & Mersey,03:30 13-02-2021,10.27
13,North Wales & Mersey,04:00 13-02-2021,10.27
13,North Wales & Mersey,04:30 13-02-2021,10.27
13,North Wales & Mersey,05:00 13-02-2021,10.27
13,North Wales & Mersey,05:30 13-02-2021,10.27
13,North Wales & Mersey,06:00 13-02-2021,10.27
13,North Wales & Mersey,06:30 13-02-2021,10.27
13,North Wales & Mersey,07:00 13-02-2021,10.64
13,North Wales & Mersey,07:30 13-02-2021,10.64
13,North Wales & Mersey,08:00 13-02-2021,10.64
13,North Wales & Mersey,08:30 13-02-2021,10.64
13,North Wales & Mersey,09:00 13-02-2021,10.64
13,North Wales & Mersey,09:30 13-02-2021,10.64
13,North Wales & Mersey,10:00 13-02-2021,10.64
13,North Wales & Mersey,10:30 13-02-2021,10.64
13,North Wales & Mersey,11:00 13-02-2021,10.64
13,North Wales & Mersey,11:30 13-02-2021,10.64
13,North Wales & Mersey,12:00 13-02-2021,10.64
13,North Wales & Mersey,12:30 13-02-2021,10.64
13,North Wales & Mersey,13:00 13-02-2021,10.64
13,North Wales & Mersey,13:30 13-02-2021,10.64
13,North Wales & Mersey,14:00 13-02-2021,10.64
13,North Wales & Mersey,14:30 13-02-2021,10.64
13,North Wales & Mersey,15:00 13-02-2021,10.64
13,North Wales & Mersey,15:30 13-02-2021,10.64
13,North Wales & Mersey,16:00 13-02-2021,10.95
13,North Wales & Mersey,16:30 13-02-2021,10.95
13,North Wales & Mersey,17:00 13-02-2021,10.95
13,North Wales & Mersey,17:30 13-02-2021,10.95
13,North Wales & Mersey,18:00 13-02-2021,10.95
13,North Wales & Mersey,18:30 13-02-2021,10.95
13,North Wales & Mersey,19:00 13-02-2021,10.59
13,North Wales & Mersey,19:30 13-02-2021,10.59
13,North Wales & Mersey,20:00 13-02-2021,10.59
13,North Wales & Mersey,20:30 13-02-2021,10.59
13,North Wales & Mersey,21:00 13-02-2021,10.59
13,North Wales & Mersey,21:30 13-02-2021,10.59
13,North Wales & Mersey,22:00 13-02-2021,10.59
13,North Wales & Mersey,22:30 13-02-2021,10.59
13,North Wales & Mersey,23:00 13-02-2021,10.59
13,North Wales & Mersey,23:30 13-02-2021,10.59
13,North Wales & Mersey,00:00 14-02-2021,10.14
13,North Wales & Mersey,00:30 14-02-2021,10.14
13,North Wales & Mersey,01:00 14-02-2021,10.14
13,North Wales & Mersey,01:30 14-02-2021,10.14
13,North Wales & Mersey,02:00 14-02-2021,10.14
13,North Wales & Mersey,02:30 14-02-2021,10.14
13,North Wales & Mersey,03:00 14-02-2021,10.14
13,North Wales & Mersey,03:30 14-02-2021,10.14
13,North Wales & Mersey,04:00 14-02-2021,10.14
13,North Wales & Mersey,04:30 14-02-2021,10.14
13,North Wales & Mersey,05:00 14-02-2021,10.14
13,North Wales & Mersey,05:30 14-02-2021,10.14
13,North Wales & Mersey,06:00 14-02-2021,10.14
13,North Wales & Mersey,06:30 14-02-2021,10.14
13,North Wales & Mersey,07:00 14-02-2021,10.28
13,North Wales & Mersey,07:30 14-02-2021,10.28
13,North Wales & Mersey,08:00 14-02-2021,10.28
13,North Wales & Mersey,08:30 14-02-2021,10.28
13,North Wales & Mersey,09:00 14-02-2021,10.28
13,North Wales & Mersey,09:30 14-02-2021,10.28
13,North Wales & Mersey,10:00 14-02-2021,10.28
13,North Wales & Mersey,10:30 14-02-2021,10.28
13,North Wales & Mersey,11:00 14-02-2021,10.28
13,North Wales & Mersey,11:30 14-02-2021,10.28
13,North Wales & Mersey,12:00 14-02-2021,10.28
13,North Wales & Mersey,12:30 14-02-2021,10.28
13,North Wales & Mersey,13:00 14-02-2021,10.28
13,North Wales & Mersey,13:30 14-02-2021,10.28
13,North Wales & Mersey,14:00 14-02-2021,10.28
13,North Wales & Mersey,14:30 14-02-2021,10.28
13,North Wales & Mersey,15:00 14-02-2021,10.28
13,North Wales & Mersey,15:30 14-02-2021,10.28
13,North Wales & Mersey,16:00 14-02-2021,10.6
13,North Wales & Mersey,16:30 14-02-2021,10.6
13,North Wales & Mersey,17:00 14-02-2021,10.6
13,North Wales & Mersey,17:30 14-02-2021,10.6
13,North Wales & Mersey,18:00 14-02-2021,10.6
13,North Wales & Mersey,18:30 14-02-2021,10.6
13,North Wales & Mersey,19:00 14-02-2021,10.45
13,North Wales & Mersey,19:30 14-02-2021,10.45
13,North Wales & Mersey,20:00 14-02-2021,10.45
13,North Wales & Mersey,20:30 14-02-2021,10.45
13,North Wales & Mersey,21:00 14-02-2021,10.45
13,North Wales & Mersey,21:30 14-02-2021,10.45
13,North Wales & Mersey,22:00 14-02-2021,10.45
13,North Wales & Mersey,22:30 14-02-2021,10.45
13,North Wales & Mersey,23:00 14-02-2021,10.45
13,North Wales & Mersey,23:30 14-02-2021,10.45
13,North Wales & Mersey,00:00 15-02-2021,10.03
13,North Wales & Mersey,00:30 15-02-2021,10.03
13,North Wales & Mersey,01:00 15-02-2021,10.03
13,North Wales & Mersey,01:30 15-02-2021,10.03
13,North Wales & Mersey,02:00 15-02-2021,10.03
13,North Wales & Mersey,02:30 15-02-2021,10.03
13,North Wales & Mersey,03:00 15-02-2021,10.03
13,North Wales & Mersey,03:30 15-02-2021,10.03
13,North Wales & Mersey,04:00 15-02-2021,10.03
13,North Wales & Mersey,04:30 15-02-2021,10.03
13,North Wales & Mersey,05:00 15-02-2021,10.03
13,North Wales & Mersey,05:30 15-02-2021,10.03
13,North Wales & Mersey,06:00 15-02-2021,10.03
13,North Wales & Mersey,06:30 15-02-2021,10.03
13,North Wales & Mersey,07:00 15-02-2021,10.49
13,North Wales & Mersey,07:30 15-02-2021,10.49
13,North Wales & Mersey,08:00 15-02-2021,10.81
13,North Wales & Mersey,08:30 15-02-2021,10.81
13,North Wales & Mersey,09:00 15-02-2021,10.81
13,North Wales & Mersey,09:30 15-02-2021,10.81
13,North Wales & Mersey,10:00 15-02-2021,10.81
13,North Wales & Mersey,10:30 15-02-2021,10.81
13,North Wales & Mersey,11:00 15-02-2021,10.81
13,North Wales & Mersey,11:30 15-02-2021,10.81
13,North Wales & Mersey,12:00 15-02-2021,10.81
13,North Wales & Mersey,12:30 15-02-2021,10.81
13,North Wales & Mersey,13:00 15-02-2021,10.81
13,North Wales & Mersey,13:30 15-02-2021,10.81
13,North Wales & Mersey,14:00 15-02-2021,10.81
13,North Wales & Mersey,14:30 15-02-2021,10.81
13,North Wales & Mersey,15:00 15-02-2021,10.81
13,North Wales & Mersey,15:30 15-02-2021,10.81
13,North Wales & Mersey,16:00 15-02-2021,23.77
13,North Wales & Mersey,16:30 15-02-2021,28.31
13,North Wales & Mersey,17:00 15-02-2021,28.31
13,North Wales & Mersey,17:30 15-02-2021,28.31
13,North Wales & Mersey,18:00 15-02-2021,28.31
13,North Wales & Mersey,18:30 15-02-2021,28.31
13,North Wales & Mersey,19:00 15-02-2021,14.87
13,North Wales & Mersey,19:30 15-02-2021,10.34
13,North Wales & Mersey,20:00 15-02-2021,10.34
13,North Wales & Mersey,20:30 15-02-2021,10.34
13,North Wales & Mersey,21:00 15-02-2021,10.34
13,North Wales & Mersey,21:30 15-02-2021,10.34
13,North Wales & Mersey,22:00 15-02-2021,10.34
13,North Wales & Mersey,22:30 15-02-2021,10.34
13,North Wales & Mersey,23:00 15-02-2021,10.34
13,North Wales & Mersey,23:30 15-02-2021,10.34
13,North Wales & Mersey,00:00 16-02-2021,9.14
13,North Wales & Mersey,00:30 16-02-2021,9.14
13,North Wales & Mersey,01:00 16-02-2021,9.14
13,North Wales & Mersey,01:30 16-02-2021,9.14
13,North Wales & Mersey,02:00 16-02-2021,9.14
13,North Wales & Mersey,02:30 16-02-2021,9.14
13,North Wales & Mersey,03:00 16-02-2021,9.14
13,North Wales & Mersey,03:30 16-02-2021,9.14
13,North Wales & Mersey,04:00 16-02-2021,9.14
13,North Wales & Mersey,04:30 16-02-2021,9.14
13,North Wales & Mersey,05:00 16-02-2021,9.14
13,North Wales & Mersey,05:30 16-02-2021,9.14
13,North Wales & Mersey,06:00 16-02-2021,9.14
13,North Wales & Mersey,06:30 16-02-2021,9.14
13,North Wales & Mersey,07:00 16-02-2021,10.15
13,North Wales & Mersey,07:30 16-02-2021,10.15
13,North Wales & Mersey,08:00 16-02-2021,10.47
13,North Wales & Mersey,08:30 16-02-2021,10.47
13,North Wales & Mersey,09:00 16-02-2021,10.47
13,North Wales & Mersey,09:30 16-02-2021,10.47
13,North Wales & Mersey,10:00 16-02-2021,10.47
13,North Wales & Mersey,10:30 16-02-2021,10.47
13,North Wales & Mersey,11:00 16-02-2021,10.47
13,North Wales & Mersey,11:30 16-02-2021,10.47
13,North Wales & Mersey,12:00 16-02-2021,10.47
13,North Wales & Mersey,12:30 16-02-2021,10.47
13,North Wales & Mersey,13:00 16-02-2021,10.47
13,North Wales & Mersey,13:30 16-02-2021,10.47
13,North Wales & Mersey,14:00 16-02-2021,10.47
13,North Wales & Mersey,14:30 16-02-2021,10.47
13,North Wales & Mersey,15:00 16-02-2021,10.47
13,North Wales & Mersey,15:30 16-02-2021,10.47
13,North Wales & Mersey,16:00 16-02-2021,23.43
13,North Wales & Mersey,16:30 16-02-2021,27.97
13,North Wales & Mersey,17:00 16-02-2021,27.97
13,North Wales & Mersey,17:30 16-02-2021,27.97
13,North Wales & Mersey,18:00 16-02-2021,27.97
13,North Wales & Mersey,18:30 16-02-2021,27.97
13,North Wales & Mersey,19:00 16-02-2021,13.99
13,North Wales & Mersey,19:30 16-02-2021,9.46
13,North Wales & Mersey,20:00 16-02-2021,9.46
13,North Wales & Mersey,20:30 16-02-2021,9.46
13,North Wales & Mersey,21:00 16-02-2021,9.46
13,North Wales & Mersey,21:30 16-02-2021,9.46
13,North Wales & Mersey,22:00 16-02-2021,9.46
13,North Wales & Mersey,22:30 16-02-2021,9.46
13,North Wales & Mersey,23:00 16-02-2021,9.46
13,North Wales & Mersey,23:30 16-02-2021,9.46
13,North Wales & Mersey,00:00 17-02-2021,9.64
13,North Wales & Mersey,00:30 17-02-2021,9.64
13,North Wales & Mersey,01:00 17-02-2021,9.64
13,North Wales & Mersey,01:30 17-02-2021,9.64
13,North Wales & Mersey,02:00 17-02-2021,9.64
13,North Wales & Mersey,02:30 17-02-2021,9.64
13,North Wales & Mersey,03:00 17-02-2021,9.64
13,North Wales & Mersey,03:30 17-02-2021,9.64
13,North Wales & Mersey,04:00 17-02-2021,9.64
13,North Wales & Mersey,04:30 17-02-2021,9.64
13,North Wales & Mersey,05:00 17-02-2021,9.64
13,North Wales & Mersey,05:30 17-02-2021,9.64
13,North Wales & Mersey,06:00 17-02-2021,9.64
13,North Wales & Mersey,06:30 17-02-2021,9.64
13,North Wales & Mersey,07:00 17-02-2021,10.51
13,North Wales & Mersey,07:30 17-02-2021,10.51
13,North Wales & Mersey,08:00 17-02-2021,10.82
13,North Wales & Mersey,08:30 17-02-2021,10.82
13,North Wales & Mersey,09:00 17-02-2021,10.82
13,North Wales & Mersey,09:30 17-02-2021,10.82
13,North Wales & Mersey,10:00 17-02-2021,10.82
13,North Wales & Mersey,10:30 17-02-2021,10.82
13,North Wales & Mersey,11:00 17-02-2021,10.82
13,North Wales & Mersey,11:30 17-02-2021,10.82
13,North Wales & Mersey,12:00 17-02-2021,10.82
13,North Wales & Mersey,12:30 17-02-2021,10.82
13,North Wales & Mersey,13:00 17-02-2021,10.82
13,North Wales & Mersey,13:30 17-02-2021,10.82
13,North Wales & Mersey,14:00 17-02-2021,10.82
13,North Wales & Mersey,14:30 17-02-2021,10.82
13,North Wales & Mersey,15:00 17-02-2021,10.82
13,North Wales & Mersey,15:30 17-02-2021,10.82
13,North Wales & Mersey,16:00 17-02-2021,23.79
13,North Wales & Mersey,16:30 17-02-2021,28.33
13,North Wales & Mersey,17:00 17-02-2021,28.33
13,North Wales & Mersey,17:30 17-02-2021,28.33
13,North Wales & Mersey,18:00 17-02-2021,28.33
13,North Wales & Mersey,18:30 17-02-2021,28.33
13,North Wales & Mersey,19:00 17-02-2021,14.49
13,North Wales & Mersey,19:30 17-02-2021,9.95
13,North Wales & Mersey,20:00 17-02-2021,9.95
13,North Wales & Mersey,20:30 17-02-2021,9.95
13,North Wales & Mersey,21:00 17-02-2021,9.95
13,North Wales & Mersey,21:30 17-02-2021,9.95
13,North Wales & Mersey,22:00 17-02-2021,9.95
13,North Wales & Mersey,22:30 17-02-2021,9.95
13,North Wales & Mersey,23:00 17-02-2021,9.95
13,North Wales & Mersey,23:30 17-02-2021,9.95
13,North Wales & Mersey,00:00 18-02-2021,9.84
13,North Wales & Mersey,00:30 18-02-2021,9.84
13,North Wales & Mersey,01:00 18-02-2021,9.84
13,North Wales & Mersey,01:30 18-02-2021,9.84
13,North Wales & Mersey,02:00 18-02-2021,9.84
13,North Wales & Mersey,02:30 18-02-2021,9.84
13,North Wales & Mersey,03:00 18-02-2021,9.84
13,North Wales & Mersey,03:30 18-02-2021,9.84
13,North Wales & Mersey,04:00 18-02-2021,9.84
13,North Wales & Mersey,04:30 18-02-2021,9.84
13,North Wales & Mersey,05:00 18-02-2021,9.84
13,North Wales & Mersey,05:30 18-02-2021,9.84
13,North Wales & Mersey,06:00 18-02-2021,9.84
13,North Wales & Mersey,06:30 18-02-2021,9.84
13,North Wales & Mersey,07:00 18-02-2021,10.47
13,North Wales & Mersey,07:30 18-02-2021,10.47
13,North Wales & Mersey,08:00 18-02-2021,10.78
13,North Wales & Mersey,08:30 18-02-2021,10.78
13,North Wales & Mersey,09:00 18-02-2021,10.78
13,North Wales & Mersey,09:30 18-02-2021,10.78
13,North Wales & Mersey,10:00 18-02-2021,10.78
13,North Wales & Mersey,10:30 18-02-2021,10.78
13,North Wales & Mersey,11:00 18-02-2021,10.78
13,North Wales & Mersey,11:30 18-02-2021,10.78
13,North Wales & Mersey,12:00 18-02-2021,10.78
13,North Wales & Mersey,12:30 18-02-2021,10.78
13,North Wales & Mersey,13:00 18-02-2021,10.78
13,North Wales & Mersey,13:30 18-02-2021,10.78
13,North Wales & Mersey,14:00 18-02-2021,10.78
13,North Wales & Mersey,14:30 18-02-2021,10.78
13,North Wales & Mersey,15:00 18-02-2021,10.78
13,North Wales & Mersey,15:30 18-02-2021,10.78
13,North Wales & Mersey,16:00 18-02-2021,23.75
13,North Wales & Mersey,16:30 18-02-2021,28.28
13,North Wales & Mersey,17:00 18-02-2021,28.28
13,North Wales & Mersey,17:30 18-02-2021,28.28
13,North Wales & Mersey,18:00 18-02-2021,28.28
13,North Wales & Mersey,18:30 18-02-2021,28.28
13,North Wales & Mersey,19:00 18-02-2021,14.69
13,North Wales & Mersey,19:30 18-02-2021,10.16
13,North Wales & Mersey,20:00 18-02-2021,10.16
13,North Wales & Mersey,20:30 18-02-2021,10.16
13,North Wales & Mersey,21:00 18-02-2021,10.16
13,North Wales & Mersey,21:30 18-02-2021,10.16
13,North Wales & Mersey,22:00 18-02-2021,10.16
13,North Wales & Mersey,22:30 18-02-2021,10.16
13,North Wales & Mersey,23:00 18-02-2021,10.16
13,North Wales & Mersey,23:30 18-02-2021,10.16
13,North Wales & Mersey,00:00 19-02-2021,10.08
13,North Wales & Mersey,00:30 19-02-2021,10.08
13,North Wales & Mersey,01:00 19-02-2021,10.08
13,North Wales & Mersey,01:30 19-02-2021,10.08
13,North Wales & Mersey,02:00 19-02-2021,10.08
13,North Wales & Mersey,02:30 19-02-2021,10.08
13,North Wales & Mersey,03:00 19-02-2021,10.08
13,North Wales & Mersey,03:30 19-02-2021,10.08
13,North Wales & Mersey,04:00 19-02-2021,10.08
13,North Wales & Mersey,04:30 19-02-2021,10.08
13,North Wales & Mersey,05:00 19-02-2021,10.08
13,North Wales & Mersey,05:30 19-02-2021,10.08
13,North Wales & Mersey,06:00 19-02-2021,10.08
13,North Wales & Mersey,06:30 19-02-2021,10.08
13,North Wales & Mersey,07:00 19-02-2021,10.66
13,North Wales & Mersey,07:30 19-02-2021,10.66
13,North Wales & Mersey,08:00 19-02-2021,10.97
13,North Wales & Mersey,08:30 19-02-2021,10.97
13,North Wales & Mersey,09:00 19-02-2021,10.97
13,North Wales & Mersey,09:30 19-02-2021,10.97
13,North Wales & Mersey,10:00 19-02-2021,10.97
13,North Wales & Mersey,10:30 19-02-2021,10.97
13,North Wales & Mersey,11:00 19-02-2021,10.97
13,North Wales & Mersey,11:30 19-02-2021,10.97
13,North Wales & Mersey,12:00 19-02-2021,10.97
13,North Wales & Mersey,12:30 19-02-2021,10.97
13,North Wales & Mersey,13:00 19-02-2021,10.97
13,North Wales & Mersey,13:30 19-02-2021,10.97
13,North Wales & Mersey,14:00 19-02-2021,10.97
13,North Wales & Mersey,14:30 19-02-2021,10.97
13,North Wales & Mersey,15:00 19-02-2021,10.97
13,North Wales & Mersey,15:30 19-02-2021,10.97
13,North Wales & Mersey,16:00 19-02-2021,23.94
13,North Wales & Mersey,16:30 19-02-2021,28.47
13,North Wales & Mersey,17:00 19-02-2021,28.47
13,North Wales & Mersey,17:30 19-02-2021,28.47
13,North Wales & Mersey,18:00 19-02-2021,28.47
13,North Wales & Mersey,18:30 19-02-2021,28.47
13,North Wales & Mersey,19:00 19-02-2021,14.93
13,North Wales & Mersey,19:30 19-02-2021,10.39
13,North Wales & Mersey,20:00 19-02-2021,10.39
13,North Wales & Mersey,20:30 19-02-2021,10.39
13,North Wales & Mersey,21:00 19-02-2021,10.39
13,North Wales & Mersey,21:30 19-02-2021,10.39
13,North Wales & Mersey,22:00 19-02-2021,10.39
13,North Wales & Mersey,22:30 19-02-2021,10.39
13,North Wales & Mersey,23:00 19-02-2021,10.39
13,North Wales & Mersey,23:30 19-02-2021,10.39
13,North Wales & Mersey,00:00 20-02-2021,10.14
13,North Wales & Mersey,00:30 20-02-2021,10.14
13,North Wales & Mersey,01:00 20-02-2021,10.14
13,North Wales & Mersey,01:30 20-02-2021,10.14
13,North Wales & Mersey,02:00 20-02-2021,10.14
13,North Wales & Mersey,02:30 20-02-2021,10.14
13,North Wales & Mersey,03:00 20-02-2021,10.14
13,North Wales & Mersey,03:30 20-02-2021,10.14
13,North Wales & Mersey,04:00 20-02-2021,10.14
13,North Wales & Mersey,04:30 20-02-2021,10.14
13,North Wales & Mersey,05:00 20-02-2021,10.14
13,North Wales & Mersey,05:30 20-02-2021,10.14
13,North Wales & Mersey,06:00 20-02-2021,10.14
13,North Wales & Mersey,06:30 20-02-2021,10.14
13,North Wales & Mersey,07:00 20-02-2021,10.59
13,North Wales & Mersey,07:30 20-02-2021,10.59
13,North Wales & Mersey,08:00 20-02-2021,10.59
13,North Wales & Mersey,08:30 20-02-2021,10.59
13,North Wales & Mersey,09:00 20-02-2021,10.59
13,North Wales & Mersey,09:30 20-02-2021,10.59
13,North Wales & Mersey,10:00 20-02-2021,10.59
13,North Wales & Mersey,10:30 20-02-2021,10.59
13,North Wales & Mersey,11:00 20-02-2021,10.59
13,North Wales & Mersey,11:30 20-02-2021,10.59
13,North Wales & Mersey,12:00 20-02-2021,10.59
13,North Wales & Mersey,12:30 20-02-2021,10.59
13,North Wales & Mersey,13:00 20-02-2021,10.59
13,North Wales & Mersey,13:30 20-02-2021,10.59
13,North Wales & Mersey,14:00 20-02-2021,10.59
13,North Wales & Mersey,14:30 20-02-2021,10.59
13,North Wales & Mersey,15:00 20-02-2021,10.59
13,North Wales & Mersey,15:30 20-02-2021,10.59
13,North Wales & Mersey,16:00 20-02-2021,10.9
13,North Wales & Mersey,16:30 20-02-2021,10.9
13,North Wales & Mersey,17:00 20-02-2021,10.9
13,North Wales & Mersey,17:30 20-02-2021,10.9
13,North Wales & Mersey,18:00 20-02-2021,10.9
13,North Wales & Mersey,18:30 20-02-2021,10.9
13,North Wales & Mersey,19:00 20-02-2021,10.45
13,North Wales & Mersey,19:30 20-02-2021,10.45
13,North Wales & Mersey,20:00 20-02-2021,10.45
13,North Wales & Mersey,20:30 20-02-2021,10.45
13,North Wales & Mersey,21:00 20-02-2021,10.45
13,North Wales & Mersey,21:30 20-02-2021,10.45
13,North Wales & Mersey,22:00 20-02-2021,10.45
13,North Wales & Mersey,22:30 20-02-2021,10.45
13,North Wales & Mersey,23:00 20-02-2021,10.45
13,North Wales & Mersey,23:30 20-02-2021,10.45
13,North Wales & Mersey,00:00 21-02-2021,10.07
13,North Wales & Mersey,00:30 21-02-2021,10.07
13,North Wales & Mersey,01:00 21-02-2021,10.07
13,North Wales & Mersey,01:30 21-02-2021,10.07
13,North Wales & Mersey,02:00 21-02-2021,10.07
13,North Wales & Mersey,02:30 21-02-2021,10.07
13,North Wales & Mersey,03:00 21-02-2021,10.07
13,North Wales & Mersey,03:30 21-02-2021,10.07
13,North Wales & Mersey,04:00 21-02-2021,10.07
13,North Wales & Mersey,04:30 21-02-2021,10.07
13,North Wales & Mersey,05:00 21-02-2021,10.07
13,North Wales & Mersey,05:30 21-02-2021,10.07
13,North Wales & Mersey,06:00 21-02-2021,10.07
13,North Wales & Mersey,06:30 21-02-2021,10.07
13,North Wales & Mersey,07:00 21-02-2021,10.55
13,North Wales & Mersey,07:30 21-02-2021,10.55
13,North Wales & Mersey,08:00 21-02-2021,10.55
13,North Wales & Mersey,08:30 21-02-2021,10.55
13,North Wales & Mersey,09:00 21-02-2021,10.55
13,North Wales & Mersey,09:30 21-02-2021,10.55
13,North Wales & Mersey,10:00 21-02-2021,10.55
13,North Wales & Mersey,10:30 21-02-2021,10.55
13,North Wales & Mersey,11:00 21-02-2021,10.55
13,North Wales & Mersey,11:30 21-02-2021,10.55
13,North Wales & Mersey,12:00 21-02-2021,10.55
13,North Wales & Mersey,12:30 21-02-2021,10.55
13,North Wales & Mersey,13:00 21-02-2021,10.55
13,North Wales & Mersey,13:30 21-02-2021,10.55
13,North Wales & Mersey,14:00 21-02-2021,10.55
13,North Wales & Mersey,14:30 21-02-2021,10.55
13,North Wales & Mersey,15:00 21-02-2021,10.55
13,North Wales & Mersey,15:30 21-02-2021,10.55
13,North Wales & Mersey,16:00 21-02-2021,10.86
13,North Wales & Mersey,16:30 21-02-2021,10.86
13,North Wales & Mersey,17:00 21-02-2021,10.86
13,North Wales & Mersey,17:30 21-02-2021,10.86
13,North Wales & Mersey,18:00 21-02-2021,10.86
13,North Wales & Mersey,18:30 21-02-2021,10.86
13,North Wales & Mersey,19:00 21-02-2021,10.38
13,North Wales & Mersey,19:30 21-02-2021,10.38
13,North Wales & Mersey,20:00 21-02-2021,10.38
13,North Wales & Mersey,20:30 21-02-2021,10.38
13,North Wales & Mersey,21:00 21-02-2021,10.38
13,North Wales & Mersey,21:30 21-02-2021,10.38
13,North Wales & Mersey,22:00 21-02-2021,10.38
13,North Wales & Mersey,22:30 21-02-2021,10.38
13,North Wales & Mersey,23:00 21-02-2021,10.38
13,North Wales & Mersey,23:30 21-02-2021,10.38
13,North Wales & Mersey,00:00 22-02-2021,9.92
13,North Wales & Mersey,00:30 22-02-2021,9.92
13,North Wales & Mersey,01:00 22-02-2021,9.92
13,North Wales & Mersey,01:30 22-02-2021,9.92
13,North Wales & Mersey,02:00 22-02-2021,9.92
13,North Wales & Mersey,02:30 22-02-2021,9.92
13,North Wales & Mersey,03:00 22-02-2021,9.92
13,North Wales & Mersey,03:30 22-02-2021,9.92
13,North Wales & Mersey,04:00 22-02-2021,9.92
13,North Wales & Mersey,04:30 22-02-2021,9.92
13,North Wales & Mersey,05:00 22-02-2021,9.92
13,North Wales & Mersey,05:30 22-02-2021,9.92
13,North Wales & Mersey,06:00 22-02-2021,9.92
13,North Wales & Mersey,06:30 22-02-2021,9.92
13,North Wales & Mersey,07:00 22-02-2021,10.45
13,North Wales & Mersey,07:30 22-02-2021,10.45
13,North Wales & Mersey,08:00 22-02-2021,10.77
13,North Wales & Mersey,08:30 22-02-2021,10.77
13,North Wales & Mersey,09:00 22-02-2021,10.77
13,North Wales & Mersey,09:30 22-02-2021,10.77
13,North Wales & Mersey,10:00 22-02-2021,10.77
13,North Wales & Mersey,10:30 22-02-2021,10.77
13,North Wales & Mersey,11:00 22-02-2021,10.77
13,North Wales & Mersey,11:30 22-02-2021,10.77
13,North Wales & Mersey,12:00 22-02-2021,10.77
13,North Wales & Mersey,12:30 22-02-2021,10.77
13,North Wales & Mersey,13:00 22-02-2021,10.77
13,North Wales & Mersey,13:30 22-02-2021,10.77
13,North Wales & Mersey,14:00 22-02-2021,10.77
13,North Wales & Mersey,14:30 22-02-2021,10.77
13,North Wales & Mersey,15:00 22-02-2021,10.77
13,North Wales & Mersey,15:30 22-02-2021,10.77
13,North Wales & Mersey,16:00 22-02-2021,23.73
13,North Wales & Mersey,16:30 22-02-2021,28.27
13,North Wales & Mersey,17:00 22-02-2021,28.27
13,North Wales & Mersey,17:30 22-02-2021,28.27
13,North Wales & Mersey,18:00 22-02-2021,28.27
13,North Wales & Mersey,18:30 22-02-2021,28.27
13,North Wales & Mersey,19:00 22-02-2021,14.77
13,North Wales & Mersey,19:30 22-02-2021,10.24
13,North Wales & Mersey,20:00 22-02-2021,10.24
13,North Wales & Mersey,20:30 22-02-2021,10.24
13,North Wales & Mersey,21:00 22-02-2021,10.24
13,North Wales & Mersey,21:30 22-02-2021,10.24
13,North Wales & Mersey,22:00 22-02-2021,10.24
13,North Wales & Mersey,22:30 22-02-2021,10.24
13,North Wales & Mersey,23:00 22-02-2021,10.24
13,North Wales & Mersey,23:30 22-02-2021,10.24
13,North Wales & Mersey,00:00 23-02-2021,10.25
13,North Wales & Mersey,00:30 23-02-2021,10.25
13,North Wales & Mersey,01:00 23-02-2021,10.25
13,North Wales & Mersey,01:30 23-02-2021,10.25
13,North Wales & Mersey,02:00 23-02-2021,10.25
13,North Wales & Mersey,02:30 23-02-2021,10.25
13,North Wales & Mersey,03:00 23-02-2021,10.25
13,North Wales & Mersey,03:30 23-02-2021,10.25
13,North Wales & Mersey,04:00 23-02-2021,10.25
13,North Wales & Mersey,04:30 23-02-2021,10.25
13,North Wales & Mersey,05:00 23-02-2021,10.25
13,North Wales & Mersey,05:30 23-02-2021,10.25
13,North Wales & Mersey,06:00 23-02-2021,10.25
13,North Wales & Mersey,06:30 23-02-2021,10.25
13,North Wales & Mersey,07:00 23-02-2021,10.51
13,North Wales & Mersey,07:30 23-02-2021,10.51
13,North Wales & Mersey,08:00 23-02-2021,10.82
13,North Wales & Mersey,08:30 23-02-2021,10.82
13,North Wales & Mersey,09:00 23-02-2021,10.82
13,North Wales & Mersey,09:30 23-02-2021,10.82
13,North Wales & Mersey,10:00 23-02-2021,10.82
13,North Wales & Mersey,10:30 23-02-2021,10.82
13,North Wales & Mersey,11:00 23-02-2021,10.82
13,North Wales & Mersey,11:30 23-02-2021,10.82
13,North Wales & Mersey,12:00 23-02-2021,10.82
13,North Wales & Mersey,12:30 23-02-2021,10.82
13,North Wales & Mersey,13:00 23-02-2021,10.82
13,North Wales & Mersey,13:30 23-02-2021,10.82
13,North Wales & Mersey,14:00 23-02-2021,10.82
13,North Wales & Mersey,14:30 23-02-2021,10.82
13,North Wales & Mersey,15:00 23-02-2021,10.82
13,North Wales & Mersey,15:30 23-02-2021,10.82
13,North Wales & Mersey,16:00 23-02-2021,23.79
13,North Wales & Mersey,16:30 23-02-2021,28.33
13,North Wales & Mersey,17:00 23-02-2021,28.33
13,North Wales & Mersey,17:30 23-02-2021,28.33
13,North Wales & Mersey,18:00 23-02-2021,28.33
13,North Wales & Mersey,18:30 23-02-2021,28.33
13,North Wales & Mersey,19:00 23-02-2021,15.1
13,North Wales & Mersey,19:30 23-02-2021,10.56
13,North Wales & Mersey,20:00 23-02-2021,10.56
13,North Wales & Mersey,20:30 23-02-2021,10.56
13,North Wales & Mersey,21:00 23-02-2021,10.56
13,North Wales & Mersey,21:30 23-02-2021,10.56
13,North Wales & Mersey,22:00 23-02-2021,10.56
13,North Wales & Mersey,22:30 23-02-2021,10.56
13,North Wales & Mersey,23:00 23-02-2021,10.56
13,North Wales & Mersey,23:30 23-02-2021,10.56
13,North Wales & Mersey,00:00 24-02-2021,10.72
13,North Wales & Mersey,00:30 24-02-2021,10.72
13,North Wales & Mersey,01:00 24-02-2021,10.72
13,North Wales & Mersey,01:30 24-02-2021,10.72
13,North Wales & Mersey,02:00 24-02-2021,10.72
13,North Wales & Mersey,02:30 24-02-2021,10.72
13,North Wales & Mersey,03:00 24-02-2021,10.72
13,North Wales & Mersey,03:30 24-02-2021,10.72
13,North Wales & Mersey,04:00 24-02-2021,10.72
13,North Wales & Mersey,04:30 24-02-2021,10.72
13,North Wales & Mersey,05:00 24-02-2021,10.72
13,North Wales & Mersey,05:30 24-02-2021,10.72
13,North Wales & Mersey,06:00 24-02-2021,10.72
13,North Wales & Mersey,06:30 24-02-2021,10.72
13,North Wales & Mersey,07:00 24-02-2021,10.81
13,North Wales & Mersey,07:30 24-02-2021,10.81
13,North Wales & Mersey,08:00 24-02-2021,11.12
13,North Wales & Mersey,08:30 24-02-2021,11.12
13,North Wales & Mersey,09:00 24-02-2021,11.12
13,North Wales & Mersey,09:30 24-02-2021,11.12
13,North Wales & Mersey,10:00 24-02-2021,11.12
13,North Wales & Mersey,10:30 24-02-2021,11.12
13,North Wales & Mersey,11:00 24-02-2021,11.12
13,North Wales & Mersey,11:30 24-02-2021,11.12
13,North Wales & Mersey,12:00 24-02-2021,11.12
13,North Wales & Mersey,12:30 24-02-2021,11.12
13,North Wales & Mersey,13:00 24-02-2021,11.12
13,North Wales & Mersey,13:30 24-02-2021,11.12
13,North Wales & Mersey,14:00 24-02-2021,11.12
13,North Wales & Mersey,14:30 24-02-2021,11.12
13,North Wales & Mersey,15:00 24-02-2021,11.12
13,North Wales & Mersey,15:30 24-02-2021,11.12
13,North Wales & Mersey,16:00 24-02-2021,24.09
13,North Wales & Mersey,16:30 24-02-2021,28.62
13,North Wales & Mersey,17:00 24-02-2021,28.62
13,North Wales & Mersey,17:30 24-02-2021,28.62
13,North Wales & Mersey,18:00 24-02-2021,28.62
13,North Wales & Mersey,18:30 24-02-2021,28.62
13,North Wales & Mersey,19:00 24-02-2021,15.57
13,North Wales & Mersey,19:30 24-02-2021,11.03
13,North Wales & Mersey,20:00 24-02-2021,11.03
13,North Wales & Mersey,20:30 24-02-2021,11.03
13,North Wales & Mersey,21:00 24-02-2021,11.03
13,North Wales & Mersey,21:30 24-02-2021,11.03
13,North Wales & Mersey,22:00 24-02-2021,11.03
13,North Wales & Mersey,22:30 24-02-2021,11.03
13,North Wales & Mersey,23:00 24-02-2021,11.03
13,North Wales & Mersey,23:30 24-02-2021,11.03
13,North Wales & Mersey,00:00 25-02-2021,10.36
13,North Wales & Mersey,00:30 25-02-2021,10.36
13,North Wales & Mersey,01:00 25-02-2021,10.36
13,North Wales & Mersey,01:30 25-02-2021,10.36
13,North Wales & Mersey,02:00 25-02-2021,10.36
13,North Wales & Mersey,02:30 25-02-2021,10.36
13,North Wales & Mersey,03:00 25-02-2021,10.36
13,North Wales & Mersey,03:30 25-02-2021,10.36
13,North Wales & Mersey,04:00 25-02-2021,10.36
13,North Wales & Mersey,04:30 25-02-2021,10.36
13,North Wales & Mersey,05:00 25-02-2021,10.36
13,North Wales & Mersey,05:30 25-02-2021,10.36
13,North Wales & Mersey,06:00 25-02-2021,10.36
13,North Wales & Mersey,06:30 25-02-2021,10.36
13,North Wales & Mersey,07:00 25-02-2021,10.74
13,North Wales & Mersey,07:30 25-02-2021,10.74
13,North Wales & Mersey,08:00 25-02-2021,11.05
13,North Wales & Mersey,08:30 25-02-2021,11.05
13,North Wales & Mersey,09:00 25-02-2021,11.05
13,North Wales & Mersey,09:30 25-02-2021,11.05
13,North Wales & Mersey,10:00 25-02-2021,11.05
13,North Wales & Mersey,10:30 25-02-2021,11.05
13,North Wales & Mersey,11:00 25-02-2021,11.05
13,North Wales & Mersey,11:30 25-02-2021,11.05
13,North Wales & Mersey,12:00 25-02-2021,11.05
13,North Wales & Mersey,12:30 25-02-2021,11.05
13,North Wales & Mersey,13:00 25-02-2021,11.05
13,North Wales & Mersey,13:30 25-02-2021,11.05
13,North Wales & Mersey,14:00 25-02-2021,11.05
13,North Wales & Mersey,14:30 25-02-2021,11.05
13,North Wales & Mersey,15:00 25-02-2021,11.05
13,North Wales & Mersey,15:30 25-02-2021,11.05
13,North Wales & Mersey,16:00 25-02-2021,24.02
13,North Wales & Mersey,16:30 25-02-2021,28.56
13,North Wales & Mersey,17:00 25-02-2021,28.56
13,North Wales & Mersey,17:30 25-02-2021,28.56
13,North Wales & Mersey,18:00 25-02-2021,28.56
13,North Wales & Mersey,18:30 25-02-2021,28.56
13,North Wales & Mersey,19:00 25-02-2021,15.2
13,North Wales & Mersey,19:30 25-02-2021,10.67
13,North Wales & Mersey,20:00 25-02-2021,10.67
13,North Wales & Mersey,20:30 25-02-2021,10.67
13,North Wales & Mersey,21:00 25-02-2021,10.67
13,North Wales & Mersey,21:30 25-02-2021,10.67
13,North Wales & Mersey,22:00 25-02-2021,10.67
13,North Wales & Mersey,22:30 25-02-2021,10.67
13,North Wales & Mersey,23:00 25-02-2021,10.67
13,North Wales & Mersey,23:30 25-02-2021,10.67
13,North Wales & Mersey,00:00 26-02-2021,10.32
13,North Wales & Mersey,00:30 26-02-2021,10.32
13,North Wales & Mersey,01:00 26-02-2021,10.32
13,North Wales & Mersey,01:30 26-02-2021,10.32
13,North Wales & Mersey,02:00 26-02-2021,10.32
13,North Wales & Mersey,02:30 26-02-2021,10.32
13,North Wales & Mersey,03:00 26-02-2021,10.32
13,North Wales & Mersey,03:30 26-02-2021,10.32
13,North Wales & Mersey,04:00 26-02-2021,10.32
13,North Wales & Mersey,04:30 26-02-2021,10.32
13,North Wales & Mersey,05:00 26-02-2021,10.32
13,North Wales & Mersey,05:30 26-02-2021,10.32
13,North Wales & Mersey,06:00 26-02-2021,10.32
13,North Wales & Mersey,06:30 26-02-2021,10.32
13,North Wales & Mersey,07:00 26-02-2021,10.56
13,North Wales & Mersey,07:30 26-02-2021,10.56
13,North Wales & Mersey,08:00 26-02-2021,10.87
13,North Wales & Mersey,08:30 26-02-2021,10.87
13,North Wales & Mersey,09:00 26-02-2021,10.87
13,North Wales & Mersey,09:30 26-02-2021,10.87
13,North Wales & Mersey,10:00 26-02-2021,10.87
13,North Wales & Mersey,10:30 26-02-2021,10.87
13,North Wales & Mersey,11:00 26-02-2021,10.87
13,North Wales & Mersey,11:30 26-02-2021,10.87
13,North Wales & Mersey,12:00 26-02-2021,10.87
13,North Wales & Mersey,12:30 26-02-2021,10.87
13,North Wales & Mersey,13:00 26-02-2021,10.87
13,North Wales & Mersey,13:30 26-02-2021,10.87
13,North Wales & Mersey,14:00 26-02-2021,10.87
13,North Wales & Mersey,14:30 26-02-2021,10.87
13,North Wales & Mersey,15:00 26-02-2021,10.87
13,North Wales & Mersey,15:30 26-02-2021,10.87
13,North Wales & Mersey,16:00 26-02-2021,23.84
13,North Wales & Mersey,16:30 26-02-2021,28.37
13,North Wales & Mersey,17:00 26-02-2021,28.37
13,North Wales & Mersey,17:30 26-02-2021,28.37
13,North Wales & Mersey,18:00 26-02-2021,28.37
13,North Wales & Mersey,18:30 26-02-2021,28.37
13,North Wales & Mersey,19:00 26-02-2021,15.17
13,North Wales & Mersey,19:30 26-02-2021,10.63
13,North Wales & Mersey,20:00 26-02-2021,10.63
13,North Wales & Mersey,20:30 26-02-2021,10.63
13,North Wales & Mersey,21:00 26-02-2021,10.63
13,North Wales & Mersey,21:30 26-02-2021,10.63
13,North Wales & Mersey,22:00 26-02-2021,10.63
13,North Wales & Mersey,22:30 26-02-2021,10.63
13,North Wales & Mersey,23:00 26-02-2021,10.63
13,North Wales & Mersey,23:30 26-02-2021,10.63
13,North Wales & Mersey,00:00 27-02-2021,10.46
13,North Wales & Mersey,00:30 27-02-2021,10.46
13,North Wales & Mersey,01:00 27-02-2021,10.46
13,North Wales & Mersey,01:30 27-02-2021,10.46
13,North Wales & Mersey,02:00 27-02-2021,10.46
13,North Wales & Mersey,02:30 27-02-2021,10.46
13,North Wales & Mersey,03:00 27-02-2021,10.46
13,North Wales & Mersey,03:30 27-02-2021,10.46
13,North Wales & Mersey,04:00 27-02-2021,10.46
13,North Wales & Mersey,04:30 27-02-2021,10.46
13,North Wales & Mersey,05:00 27-02-2021,10.46
13,North Wales & Mersey,05:30 27-02-2021,10.46
13,North Wales & Mersey,06:00 27-02-2021,10.46
13,North Wales & Mersey,06:30 27-02-2021,10.46
13,North Wales & Mersey,07:00 27-02-2021,10.7
13,North Wales & Mersey,07:30 27-02-2021,10.7
13,North Wales & Mersey,08:00 27-02-2021,10.7
13,North Wales & Mersey,08:30 27-02-2021,10.7
13,North Wales & Mersey,09:00 27-02-2021,10.7
13,North Wales & Mersey,09:30 27-02-2021,10.7
13,North Wales & Mersey,10:00 27-02-2021,10.7
13,North Wales & Mersey,10:30 27-02-2021,10.7
13,North Wales & Mersey,11:00 27-02-2021,10.7
13,North Wales & Mersey,11:30 27-02-2021,10.7
13,North Wales & Mersey,12:00 27-02-2021,10.7
13,North Wales & Mersey,12:30 27-02-2021,10.7
13,North Wales & Mersey,13:00 27-02-2021,10.7
13,North Wales & Mersey,13:30 27-02-2021,10.7
13,North Wales & Mersey,14:00 27-02-2021,10.7
13,North Wales & Mersey,14:30 27-02-2021,10.7
13,North Wales & Mersey,15:00 27-02-2021,10.7
13,North Wales & Mersey,15:30 27-02-2021,10.7
13,North Wales & Mersey,16:00 27-02-2021,11.01
13,North Wales & Mersey,16:30 27-02-2021,11.01
13,North Wales & Mersey,17:00 27-02-2021,11.01
13,North Wales & Mersey,17:30 27-02-2021,11.01
13,North Wales & Mersey,18:00 27-02-2021,11.01
13,North Wales & Mersey,18:30 27-02-2021,11.01
13,North Wales & Mersey,19:00 27-02-2021,10.78
13,North Wales & Mersey,19:30 27-02-2021,10.78
13,North Wales & Mersey,20:00 27-02-2021,10.78
13,North Wales & Mersey,20:30 27-02-2021,10.78
13,North Wales & Mersey,21:00 27-02-2021,10.78
13,North Wales & Mersey,21:30 27-02-2021,10.78
13,North Wales & Mersey,22:00 27-02-2021,10.78
13,North Wales & Mersey,22:30 27-02-2021,10.78
13,North Wales & Mersey,23:00 27-02-2021,10.78
13,North Wales & Mersey,23:30 27-02-2021,10.78
13,North Wales & Mersey,00:00 28-02-2021,10.49
