region_code,region_name,timestamp,price
19,South East,00:00 01-11-2022,11.97
19,South East,00:30 01-11-2022,11.97
19,South East,01:00 01-11-2022,11.97
19,South East,01:30 01-11-2022,11.97
19,South East,02:00 01-11-2022,11.97
19,South East,02:30 01-11-2022,11.97
19,South East,03:00 01-11-2022,11.97
19,South East,03:30 01-11-2022,11.97
19,South East,04:00 01-11-2022,11.97
19,South East,04:30 01-11-2022,11.97
19,South East,05:00 01-11-2022,11.97
19,South East,05:30 01-11-2022,11.97
19,South East,06:00 01-11-2022,11.97
19,South East,06:30 01-11-2022,11.97
19,South East,07:00 01-11-2022,12.56
19,South East,07:30 01-11-2022,12.56
19,South East,08:00 01-11-2022,12.56
19,South East,08:30 01-11-2022,12.56
19,South East,09:00 01-11-2022,12.56
19,South East,09:30 01-11-2022,12.56
19,South East,10:00 01-11-2022,12.56
19,South East,10:30 01-11-2022,12.56
19,South East,11:00 01-11-2022,12.56
19,South East,11:30 01-11-2022,12.56
19,South East,12:00 01-11-2022,12.56
19,South East,12:30 01-11-2022,12.56
19,South East,13:00 01-11-2022,12.56
19,South East,13:30 01-11-2022,12.56
19,South East,14:00 01-11-2022,12.56
19,South East,14:30 01-11-2022,12.56
19,South East,15:00 01-11-2022,12.56
19,South East,15:30 01-11-2022,12.56
19,South East,16:00 01-11-2022,17.75
19,South East,16:30 01-11-2022,17.75
19,South East,17:00 01-11-2022,17.75
19,South East,17:30 01-11-2022,17.75
19,South East,18:00 01-11-2022,17.75
19,South East,18:30 01-11-2022,17.75
19,South East,19:00 01-11-2022,12.12
19,South East,19:30 01-11-2022,12.12
19,South East,20:00 01-11-2022,12.12
19,South East,20:30 01-11-2022,12.12
19,South East,21:00 01-11-2022,12.12
19,South East,21:30 01-11-2022,12.12
19,South East,22:00 01-11-2022,12.12
19,South East,22:30 01-11-2022,12.12
19,South East,23:00 01-11-2022,11.97
19,South East,23:30 01-11-2022,11.97
19,South East,00:00 02-11-2022,11.97
19,South East,00:30 02-11-2022,11.97
19,South East,01:00 02-11-2022,11.97
19,South East,01:30 02-11-2022,11.97
19,South East,02:00 02-11-2022,11.97
19,South East,02:30 02-11-2022,11.97
19,South East,03:00 02-11-2022,11.97
19,South East,03:30 02-11-2022,11.97
19,South East,04:00 02-11-2022,11.97
19,South East,04:30 02-11-2022,11.97
19,South East,05:00 02-11-2022,11.97
19,South East,05:30 02-11-2022,11.97
19,South East,06:00 02-11-2022,11.97
19,South East,06:30 02-11-2022,11.97
19,South East,07:00 02-11-2022,12.56
19,South East,07:30 02-11-2022,12.56
19,South East,08:00 02-11-2022,12.56
19,South East,08:30 02-11-2022,12.56
19,South East,09:00 02-11-2022,12.56
19,South East,09:30 02-11-2022,12.56
19,South East,10:00 02-11-2022,12.56
19,South East,10:30 02-11-2022,12.56
19,South East,11:00 02-11-2022,12.56
19,South East,11:30 02-11-2022,12.56
19,South East,12:00 02-11-2022,12.56
19,South East,12:30 02-11-2022,12.56
19,South East,13:00 02-11-2022,12.56
19,South East,13:30 02-11-2022,12.56
19,South East,14:00 02-11-2022,12.56
19,South East,14:30 02-11-2022,12.56
19,South East,15:00 02-11-2022,12.56
19,South East,15:30 02-11-2022,12.56
19,South East,16:00 02-11-2022,17.75
19,South East,16:30 02-11-2022,17.75
19,South East,17:00 02-11-2022,17.75
19,South East,17:30 02-11-2022,17.75
19,South East,18:00 02-11-2022,17.75
19,South East,18:30 02-11-2022,17.75
19,South East,19:00 02-11-2022,12.12
19,South East,19:30 02-11-2022,12.12
19,South East,20:00 02-11-2022,12.12
19,South East,20:30 02-11-2022,12.12
19,South East,21:00 02-11-2022,12.12
19,South East,21:30 02-11-2022,12.12
19,South East,22:00 02-11-2022,12.12
19,South East,22:30 02-11-2022,12.12
19,South East,23:00 02-11-2022,11.97
19,South East,23:30 02-11-2022,11.97
19,South East,00:00 03-11-2022,11.97
19,South East,00:30 03-11-2022,11.97
19,South East,01:00 03-11-2022,11.97
19,South East,01:30 03-11-2022,11.97
19,South East,02:00 03-11-2022,11.97
19,South East,02:30 03-11-2022,11.97
19,South East,03:00 03-11-2022,11.97
19,South East,03:30 03-11-2022,11.97
19,South East,04:00 03-11-2022,11.97
19,South East,04:30 03-11-2022,11.97
19,South East,05:00 03-11-2022,11.97
19,South East,05:30 03-11-2022,11.97
19,South East,06:00 03-11-2022,11.97
19,South East,06:30 03-11-2022,11.97
19,South East,07:00 03-11-2022,12.56
19,South East,07:30 03-11-2022,12.56
19,South East,08:00 03-11-2022,12.56
19,South East,08:30 03-11-2022,12.56
19,South East,09:00 03-11-2022,12.56
19,South East,09:30 03-11-2022,12.56
19,South East,10:00 03-11-2022,12.56
19,South East,10:30 03-11-2022,12.56
19,South East,11:00 03-11-2022,12.56
19,South East,11:30 03-11-2022,12.56
19,South East,12:00 03-11-2022,12.56
19,South East,12:30 03-11-2022,12.56
19,South East,13:00 03-11-2022,12.56
19,South East,13:30 03-11-2022,12.56
19,South East,14:00 03-11-2022,12.56
19,South East,14:30 03-11-2022,12.56
19,South East,15:00 03-11-2022,12.56
19,South East,15:30 03-11-2022,12.56
19,South East,16:00 03-11-2022,17.75
19,South East,16:30 03-11-2022,17.75
19,South East,17:00 03-11-2022,17.75
19,South East,17:30 03-11-2022,17.75
19,South East,18:00 03-11-2022,17.75
19,South East,18:30 03-11-2022,17.75
19,South East,19:00 03-11-2022,12.12
19,South East,19:30 03-11-2022,12.12
19,South East,20:00 03-11-2022,12.12
19,South East,20:30 03-11-2022,12.12
19,South East,21:00 03-11-2022,12.12
19,South East,21:30 03-11-2022,12.12
19,South East,22:00 03-11-2022,12.12
19,South East,22:30 03-11-2022,12.12
19,South East,23:00 03-11-2022,11.97
19,South East,23:30 03-11-2022,11.97
19,South East,00:00 04-11-2022,11.97
19,South East,00:30 04-11-2022,11.97
19,South East,01:00 04-11-2022,11.97
19,South East,01:30 04-11-2022,11.97
19,South East,02:00 04-11-2022,11.97
19,South East,02:30 04-11-2022,11.97
19,South East,03:00 04-11-2022,11.97
19,South East,03:30 04-11-2022,11.97
19,South East,04:00 04-11-2022,11.97
19,South East,04:30 04-11-2022,11.97
19,South East,05:00 04-11-2022,11.97
19,South East,05:30 04-11-2022,11.97
19,South East,06:00 04-11-2022,11.97
19,South East,06:30 04-11-2022,11.97
19,South East,07:00 04-11-2022,12.56
19,South East,07:30 04-11-2022,12.56
19,South East,08:00 04-11-2022,12.56
19,South East,08:30 04-11-2022,12.56
19,South East,09:00 04-11-2022,12.56
19,South East,09:30 04-11-2022,12.56
19,South East,10:00 04-11-2022,12.56
19,South East,10:30 04-11-2022,12.56
19,South East,11:00 04-11-2022,12.56
19,South East,11:30 04-11-2022,12.56
19,South East,12:00 04-11-2022,12.56
19,South East,12:30 04-11-2022,12.56
19,South East,13:00 04-11-2022,12.56
19,South East,13:30 04-11-2022,12.56
19,South East,14:00 04-11-2022,12.56
19,South East,14:30 04-11-2022,12.56
19,South East,15:00 04-11-2022,12.56
19,South East,15:30 04-11-2022,12.56
19,South East,16:00 04-11-2022,17.75
19,South East,16:30 04-11-2022,17.75
19,South East,17:00 04-11-2022,17.75
19,South East,17:30 04-11-2022,17.75
19,South East,18:00 04-11-2022,17.75
19,South East,18:30 04-11-2022,17.75
19,South East,19:00 04-11-2022,12.12
19,South East,19:30 04-11-2022,12.12
19,South East,20:00 04-11-2022,12.12
19,South East,20:30 04-11-2022,12.12
19,South East,21:00 04-11-2022,12.12
19,South East,21:30 04-11-2022,12.12
19,South East,22:00 04-11-2022,12.12
19,South East,22:30 04-11-2022,12.12
19,South East,23:00 04-11-2022,11.97
19,South East,23:30 04-11-2022,11.97
19,South East,00:00 05-11-2022,11.97
19,South East,00:30 05-11-2022,11.97
19,South East,01:00 05-11-2022,11.97
19,South East,01:30 05-11-2022,11.97
19,South East,02:00 05-11-2022,11.97
19,South East,02:30 05-11-2022,11.97
19,South East,03:00 05-11-2022,11.97
19,South East,03:30 05-11-2022,11.97
19,South East,04:00 05-11-2022,11.97
19,South East,04:30 05-11-2022,11.97
19,South East,05:00 05-11-2022,11.97
19,South East,05:30 05-11-2022,11.97
19,South East,06:00 05-11-2022,11.97
19,South East,06:30 05-11-2022,11.97
19,South East,07:00 05-11-2022,12.41
19,South East,07:30 05-11-2022,12.41
19,South East,08:00 05-11-2022,12.41
19,South East,08:30 05-11-2022,12.41
19,South East,09:00 05-11-2022,12.41
19,South East,09:30 05-11-2022,12.41
19,South East,10:00 05-11-2022,12.41
19,South East,10:30 05-11-2022,12.41
19,South East,11:00 05-11-2022,12.41
19,South East,11:30 05-11-2022,12.41
19,South East,12:00 05-11-2022,12.41
19,South East,12:30 05-11-2022,12.41
19,South East,13:00 05-11-2022,12.41
19,South East,13:30 05-11-2022,12.41
19,South East,14:00 05-11-2022,12.41
19,South East,14:30 05-11-2022,12.41
19,South East,15:00 05-11-2022,12.41
19,South East,15:30 05-11-2022,12.41
19,South East,16:00 05-11-2022,12.41
19,South East,16:30 05-11-2022,12.41
19,South East,17:00 05-11-2022,12.41
19,South East,17:30 05-11-2022,12.41
19,South East,18:00 05-11-2022,12.41
19,South East,18:30 05-11-2022,12.41
19,South East,19:00 05-11-2022,11.97
19,South East,19:30 05-11-2022,11.97
19,South East,20:00 05-11-2022,11.97
19,South East,20:30 05-11-2022,11.97
19,South East,21:00 05-11-2022,11.97
19,South East,21:30 05-11-2022,11.97
19,South East,22:00 05-11-2022,11.97
19,South East,22:30 05-11-2022,11.97
19,South East,23:00 05-11-2022,11.97
19,South East,23:30 05-11-2022,11.97
19,South East,00:00 06-11-2022,11.97
19,South East,00:30 06-11-2022,11.97
19,South East,01:00 06-11-2022,11.97
19,South East,01:30 06-11-2022,11.97
19,South East,02:00 06-11-2022,11.97
19,South East,02:30 06-11-2022,11.97
19,South East,03:00 06-11-2022,11.97
19,South East,03:30 06-11-2022,11.97
19,South East,04:00 06-11-2022,11.97
19,South East,04:30 06-11-2022,11.97
19,South East,05:00 06-11-2022,11.97
19,South East,05:30 06-11-2022,11.97
19,South East,06:00 06-11-2022,11.97
19,South East,06:30 06-11-2022,11.97
19,South East,07:00 06-11-2022,12.41
19,South East,07:30 06-11-2022,12.41
19,South East,08:00 06-11-2022,12.41
19,South East,08:30 06-11-2022,12.41
19,South East,09:00 06-11-2022,12.41
19,South East,09:30 06-11-2022,12.41
19,South East,10:00 06-11-2022,12.41
19,South East,10:30 06-11-2022,12.41
19,South East,11:00 06-11-2022,12.41
19,South East,11:30 06-11-2022,12.41
19,South East,12:00 06-11-2022,12.41
19,South East,12:30 06-11-2022,12.41
19,South East,13:00 06-11-2022,12.41
19,South East,13:30 06-11-2022,12.41
19,South East,14:00 06-11-2022,12.41
19,South East,14:30 06-11-2022,12.41
19,South East,15:00 06-11-2022,12.41
19,South East,15:30 06-11-2022,12.41
19,South East,16:00 06-11-2022,12.41
19,South East,16:30 06-11-2022,12.41
19,South East,17:00 06-11-2022,12.41
19,South East,17:30 06-11-2022,12.41
19,South East,18:00 06-11-2022,12.41
19,South East,18:30 06-11-2022,12.41
19,South East,19:00 06-11-2022,11.97
19,South East,19:30 06-11-2022,11.97
19,South East,20:00 06-11-2022,11.97
19,South East,20:30 06-11-2022,11.97
19,South East,21:00 06-11-2022,11.97
19,South East,21:30 06-11-2022,11.97
19,South East,22:00 06-11-2022,11.97
19,South East,22:30 06-11-2022,11.97
19,South East,23:00 06-11-2022,11.97
19,South East,23:30 06-11-2022,11.97
19,South East,00:00 07-11-2022,11.97
19,South East,00:30 07-11-2022,11.97
19,South East,01:00 07-11-2022,11.97
19,South East,01:30 07-11-2022,11.97
19,South East,02:00 07-11-2022,11.97
19,South East,02:30 07-11-2022,11.97
19,South East,03:00 07-11-2022,11.97
19,South East,03:30 07-11-2022,11.97
19,South East,04:00 07-11-2022,11.97
19,South East,04:30 07-11-2022,11.97
19,South East,05:00 07-11-2022,11.97
19,South East,05:30 07-11-2022,11.97
19,South East,06:00 07-11-2022,11.97
19,South East,06:30 07-11-2022,11.97
19,South East,07:00 07-11-2022,12.56
19,South East,07:30 07-11-2022,12.56
19,South East,08:00 07-11-2022,12.56
19,South East,08:30 07-11-2022,12.56
19,South East,09:00 07-11-2022,12.56
19,South East,09:30 07-11-2022,12.56
19,South East,10:00 07-11-2022,12.56
19,South East,10:30 07-11-2022,12.56
19,South East,11:00 07-11-2022,12.56
19,South East,11:30 07-11-2022,12.56
19,South East,12:00 07-11-2022,12.56
19,South East,12:30 07-11-2022,12.56
19,South East,13:00 07-11-2022,12.56
19,South East,13:30 07-11-2022,12.56
19,South East,14:00 07-11-2022,12.56
19,South East,14:30 07-11-2022,12.56
19,South East,15:00 07-11-2022,12.56
19,South East,15:30 07-11-2022,12.56
19,South East,16:00 07-11-2022,17.75
19,South East,16:30 07-11-2022,17.75
19,South East,17:00 07-11-2022,17.75
19,South East,17:30 07-11-2022,17.75
19,South East,18:00 07-11-2022,17.75
19,South East,18:30 07-11-2022,17.75
19,South East,19:00 07-11-2022,12.12
19,South East,19:30 07-11-2022,12.12
19,South East,20:00 07-11-2022,12.12
19,South East,20:30 07-11-2022,12.12
19,South East,21:00 07-11-2022,12.12
19,South East,21:30 07-11-2022,12.12
19,South East,22:00 07-11-2022,12.12
19,South East,22:30 07-11-2022,12.12
19,South East,23:00 07-11-2022,11.97
19,South East,23:30 07-11-2022,11.97
19,South East,00:00 08-11-2022,11.97
19,South East,00:30 08-11-2022,11.97
19,South East,01:00 08-11-2022,11.97
19,South East,01:30 08-11-2022,11.97
19,South East,02:00 08-11-2022,11.97
19,South East,02:30 08-11-2022,11.97
19,South East,03:00 08-11-2022,11.97
19,South East,03:30 08-11-2022,11.97
19,South East,04:00 08-11-2022,11.97
19,South East,04:30 08-11-2022,11.97
19,South East,05:00 08-11-2022,11.97
19,South East,05:30 08-11-2022,11.97
19,South East,06:00 08-11-2022,11.97
19,South East,06:30 08-11-2022,11.97
19,South East,07:00 08-11-2022,12.56
19,South East,07:30 08-11-2022,12.56
19,South East,08:00 08-11-2022,12.56
19,South East,08:30 08-11-2022,12.56
19,South East,09:00 08-11-2022,12.56
19,South East,09:30 08-11-2022,12.56
19,South East,10:00 08-11-2022,12.56
19,South East,10:30 08-11-2022,12.56
19,South East,11:00 08-11-2022,12.56
19,South East,11:30 08-11-2022,12.56
19,South East,12:00 08-11-2022,12.56
19,South East,12:30 08-11-2022,12.56
19,South East,13:00 08-11-2022,12.56
19,South East,13:30 08-11-2022,12.56
19,South East,14:00 08-11-2022,12.56
19,South East,14:30 08-11-2022,12.56
19,South East,15:00 08-11-2022,12.56
19,South East,15:30 08-11-2022,12.56
19,South East,16:00 08-11-2022,17.75
19,South East,16:30 08-11-2022,17.75
19,South East,17:00 08-11-2022,17.75
19,South East,17:30 08-11-2022,17.75
19,South East,18:00 08-11-2022,17.75
19,South East,18:30 08-11-2022,17.75
19,South East,19:00 08-11-2022,12.12
19,South East,19:30 08-11-2022,12.12
19,South East,20:00 08-11-2022,12.12
19,South East,20:30 08-11-2022,12.12
19,South East,21:00 08-11-2022,12.12
19,South East,21:30 08-11-2022,12.12
19,South East,22:00 08-11-2022,12.12
19,South East,22:30 08-11-2022,12.12
19,South East,23:00 08-11-2022,11.97
19,South East,23:30 08-11-2022,11.97
19,South East,00:00 09-11-2022,11.97
19,South East,00:30 09-11-2022,11.97
19,South East,01:00 09-11-2022,11.97
19,South East,01:30 09-11-2022,11.97
19,South East,02:00 09-11-2022,11.97
19,South East,02:30 09-11-2022,11.97
19,South East,03:00 09-11-2022,11.97
19,South East,03:30 09-11-2022,11.97
19,South East,04:00 09-11-2022,11.97
19,South East,04:30 09-11-2022,11.97
19,South East,05:00 09-11-2022,11.97
19,South East,05:30 09-11-2022,11.97
19,South East,06:00 09-11-2022,11.97
19,South East,06:30 09-11-2022,11.97
19,South East,07:00 09-11-2022,12.56
19,South East,07:30 09-11-2022,12.56
19,South East,08:00 09-11-2022,12.56
19,South East,08:30 09-11-2022,12.56
19,South East,09:00 09-11-2022,12.56
19,South East,09:30 09-11-2022,12.56
19,South East,10:00 09-11-2022,12.56
19,South East,10:30 09-11-2022,12.56
19,South East,11:00 09-11-2022,12.56
19,South East,11:30 09-11-2022,12.56
19,South East,12:00 09-11-2022,12.56
19,South East,12:30 09-11-2022,12.56
19,South East,13:00 09-11-2022,12.56
19,South East,13:30 09-11-2022,12.56
19,South East,14:00 09-11-2022,12.56
19,South East,14:30 09-11-2022,12.56
19,South East,15:00 09-11-2022,12.56
19,South East,15:30 09-11-2022,12.56
19,South East,16:00 09-11-2022,17.75
19,South East,16:30 09-11-2022,17.75
19,South East,17:00 09-11-2022,17.75
19,South East,17:30 09-11-2022,17.75
19,South East,18:00 09-11-2022,17.75
19,South East,18:30 09-11-2022,17.75
19,South East,19:00 09-11-2022,12.12
19,South East,19:30 09-11-2022,12.12
19,South East,20:00 09-11-2022,12.12
19,South East,20:30 09-11-2022,12.12
19,South East,21:00 09-11-2022,12.12
19,South East,21:30 09-11-2022,12.12
19,South East,22:00 09-11-2022,12.12
19,South East,22:30 09-11-2022,12.12
19,South East,23:00 09-11-2022,11.97
19,South East,23:30 09-11-2022,11.97
19,South East,00:00 10-11-2022,11.97
19,South East,00:30 10-11-2022,11.97
19,South East,01:00 10-11-2022,11.97
19,South East,01:30 10-11-2022,11.97
19,South East,02:00 10-11-2022,11.97
19,South East,02:30 10-11-2022,11.97
19,South East,03:00 10-11-2022,11.97
19,South East,03:30 10-11-2022,11.97
19,South East,04:00 10-11-2022,11.97
19,South East,04:30 10-11-2022,11.97
19,South East,05:00 10-11-2022,11.97
19,South East,05:30 10-11-2022,11.97
19,South East,06:00 10-11-2022,11.97
19,South East,06:30 10-11-2022,11.97
19,South East,07:00 10-11-2022,12.56
19,South East,07:30 10-11-2022,12.56
19,South East,08:00 10-11-2022,12.56
19,South East,08:30 10-11-2022,12.56
19,South East,09:00 10-11-2022,12.56
19,South East,09:30 10-11-2022,12.56
19,South East,10:00 10-11-2022,12.56
19,South East,10:30 10-11-2022,12.56
19,South East,11:00 10-11-2022,12.56
19,South East,11:30 10-11-2022,12.56
19,South East,12:00 10-11-2022,12.56
19,South East,12:30 10-11-2022,12.56
19,South East,13:00 10-11-2022,12.56
19,South East,13:30 10-11-2022,12.56
19,South East,14:00 10-11-2022,12.56
19,South East,14:30 10-11-2022,12.56
19,South East,15:00 10-11-2022,12.56
19,South East,15:30 10-11-2022,12.56
19,South East,16:00 10-11-2022,17.75
19,South East,16:30 10-11-2022,17.75
19,South East,17:00 10-11-2022,17.75
19,South East,17:30 10-11-2022,17.75
19,South East,18:00 10-11-2022,17.75
19,South East,18:30 10-11-2022,17.75
19,South East,19:00 10-11-2022,12.12
19,South East,19:30 10-11-2022,12.12
19,South East,20:00 10-11-2022,12.12
19,South East,20:30 10-11-2022,12.12
19,South East,21:00 10-11-2022,12.12
19,South East,21:30 10-11-2022,12.12
19,South East,22:00 10-11-2022,12.12
19,South East,22:30 10-11-2022,12.12
19,South East,23:00 10-11-2022,11.97
19,South East,23:30 10-11-2022,11.97
19,South East,00:00 11-11-2022,11.97
19,South East,00:30 11-11-2022,11.97
19,South East,01:00 11-11-2022,11.97
19,South East,01:30 11-11-2022,11.97
19,South East,02:00 11-11-2022,11.97
19,South East,02:30 11-11-2022,11.97
19,South East,03:00 11-11-2022,11.97
19,South East,03:30 11-11-2022,11.97
19,South East,04:00 11-11-2022,11.97
19,South East,04:30 11-11-2022,11.97
19,South East,05:00 11-11-2022,11.97
19,South East,05:30 11-11-2022,11.97
19,South East,06:00 11-11-2022,11.97
19,South East,06:30 11-11-2022,11.97
19,South East,07:00 11-11-2022,12.56
19,South East,07:30 11-11-2022,12.56
19,South East,08:00 11-11-2022,12.56
19,South East,08:30 11-11-2022,12.56
19,South East,09:00 11-11-2022,12.56
19,South East,09:30 11-11-2022,12.56
19,South East,10:00 11-11-2022,12.56
19,South East,10:30 11-11-2022,12.56
19,South East,11:00 11-11-2022,12.56
19,South East,11:30 11-11-2022,12.56
19,South East,12:00 11-11-2022,12.56
19,South East,12:30 11-11-2022,12.56
19,South East,13:00 11-11-2022,12.56
19,South East,13:30 11-11-2022,12.56
19,South East,14:00 11-11-2022,12.56
19,South East,14:30 11-11-2022,12.56
19,South East,15:00 11-11-2022,12.56
19,South East,15:30 11-11-2022,12.56
19,South East,16:00 11-11-2022,17.75
19,South East,16:30 11-11-2022,17.75
19,South East,17:00 11-11-2022,17.75
19,South East,17:30 11-11-2022,17.75
19,South East,18:00 11-11-2022,17.75
19,South East,18:30 11-11-2022,17.75
19,South East,19:00 11-11-2022,12.12
19,South East,19:30 11-11-2022,12.12
19,South East,20:00 11-11-2022,12.12
19,South East,20:30 11-11-2022,12.12
19,South East,21:00 11-11-2022,12.12
19,South East,21:30 11-11-2022,12.12
19,South East,22:00 11-11-2022,12.12
19,South East,22:30 11-11-2022,12.12
19,South East,23:00 11-11-2022,11.97
19,South East,23:30 11-11-2022,11.97
19,South East,00:00 12-11-2022,11.97
19,South East,00:30 12-11-2022,11.97
19,South East,01:00 12-11-2022,11.97
19,South East,01:30 12-11-2022,11.97
19,South East,02:00 12-11-2022,11.97
19,South East,02:30 12-11-2022,11.97
19,South East,03:00 12-11-2022,11.97
19,South East,03:30 12-11-2022,11.97
19,South East,04:00 12-11-2022,11.97
19,South East,04:30 12-11-2022,11.97
19,South East,05:00 12-11-2022,11.97
19,South East,05:30 12-11-2022,11.97
19,South East,06:00 12-11-2022,11.97
19,South East,06:30 12-11-2022,11.97
19,South East,07:00 12-11-2022,12.41
19,South East,07:30 12-11-2022,12.41
19,South East,08:00 12-11-2022,12.41
19,South East,08:30 12-11-2022,12.41
19,South East,09:00 12-11-2022,12.41
19,South East,09:30 12-11-2022,12.41
19,South East,10:00 12-11-2022,12.41
19,South East,10:30 12-11-2022,12.41
19,South East,11:00 12-11-2022,12.41
19,South East,11:30 12-11-2022,12.41
19,South East,12:00 12-11-2022,12.41
19,South East,12:30 12-11-2022,12.41
19,South East,13:00 12-11-2022,12.41
19,South East,13:30 12-11-2022,12.41
19,South East,14:00 12-11-2022,12.41
19,South East,14:30 12-11-2022,12.41
19,South East,15:00 12-11-2022,12.41
19,South East,15:30 12-11-2022,12.41
19,South East,16:00 12-11-2022,12.41
19,South East,16:30 12-11-2022,12.41
19,South East,17:00 12-11-2022,12.41
19,South East,17:30 12-11-2022,12.41
19,South East,18:00 12-11-2022,12.41
19,South East,18:30 12-11-2022,12.41
19,South East,19:00 12-11-2022,11.97
19,South East,19:30 12-11-2022,11.97
19,South East,20:00 12-11-2022,11.97
19,South East,20:30 12-11-2022,11.97
19,South East,21:00 12-11-2022,11.97
19,South East,21:30 12-11-2022,11.97
19,South East,22:00 12-11-2022,11.97
19,South East,22:30 12-11-2022,11.97
19,South East,23:00 12-11-2022,11.97
19,South East,23:30 12-11-2022,11.97
19,South East,00:00 13-11-2022,11.97
19,South East,00:30 13-11-2022,11.97
19,South East,01:00 13-11-2022,11.97
19,South East,01:30 13-11-2022,11.97
19,South East,02:00 13-11-2022,11.97
19,South East,02:30 13-11-2022,11.97
19,South East,03:00 13-11-2022,11.97
19,South East,03:30 13-11-2022,11.97
19,South East,04:00 13-11-2022,11.97
19,South East,04:30 13-11-2022,11.97
19,South East,05:00 13-11-2022,11.97
19,South East,05:30 13-11-2022,11.97
19,South East,06:00 13-11-2022,11.97
19,South East,06:30 13-11-2022,11.97
19,South East,07:00 13-11-2022,12.41
19,South East,07:30 13-11-2022,12.41
19,South East,08:00 13-11-2022,12.41
19,South East,08:30 13-11-2022,12.41
19,South East,09:00 13-11-2022,12.41
19,South East,09:30 13-11-2022,12.41
19,South East,10:00 13-11-2022,12.41
19,South East,10:30 13-11-2022,12.41
19,South East,11:00 13-11-2022,12.41
19,South East,11:30 13-11-2022,12.41
19,South East,12:00 13-11-2022,12.41
19,South East,12:30 13-11-2022,12.41
19,South East,13:00 13-11-2022,12.41
19,South East,13:30 13-11-2022,12.41
19,South East,14:00 13-11-2022,12.41
19,South East,14:30 13-11-2022,12.41
19,South East,15:00 13-11-2022,12.41
19,South East,15:30 13-11-2022,12.41
19,South East,16:00 13-11-2022,12.41
19,South East,16:30 13-11-2022,12.41
19,South East,17:00 13-11-2022,12.41
19,South East,17:30 13-11-2022,12.41
19,South East,18:00 13-11-2022,12.41
19,South East,18:30 13-11-2022,12.41
19,South East,19:00 13-11-2022,11.97
19,South East,19:30 13-11-2022,11.97
19,South East,20:00 13-11-2022,11.97
19,South East,20:30 13-11-2022,11.97
19,South East,21:00 13-11-2022,11.97
19,South East,21:30 13-11-2022,11.97
19,South East,22:00 13-11-2022,11.97
19,South East,22:30 13-11-2022,11.97
19,South East,23:00 13-11-2022,11.97
19,South East,23:30 13-11-2022,11.97
19,South East,00:00 14-11-2022,11.97
19,South East,00:30 14-11-2022,11.97
19,South East,01:00 14-11-2022,11.97
19,South East,01:30 14-11-2022,11.97
19,South East,02:00 14-11-2022,11.97
19,South East,02:30 14-11-2022,11.97
19,South East,03:00 14-11-2022,11.97
19,South East,03:30 14-11-2022,11.97
19,South East,04:00 14-11-2022,11.97
19,South East,04:30 14-11-2022,11.97
19,South East,05:00 14-11-2022,11.97
19,South East,05:30 14-11-2022,11.97
19,South East,06:00 14-11-2022,11.97
19,South East,06:30 14-11-2022,11.97
19,South East,07:00 14-11-2022,12.56
19,South East,07:30 14-11-2022,12.56
19,South East,08:00 14-11-2022,12.56
19,South East,08:30 14-11-2022,12.56
19,South East,09:00 14-11-2022,12.56
19,South East,09:30 14-11-2022,12.56
19,South East,10:00 14-11-2022,12.56
19,South East,10:30 14-11-2022,12.56
19,South East,11:00 14-11-2022,12.56
19,South East,11:30 14-11-2022,12.56
19,South East,12:00 14-11-2022,12.56
19,South East,12:30 14-11-2022,12.56
19,South East,13:00 14-11-2022,12.56
19,South East,13:30 14-11-2022,12.56
19,South East,14:00 14-11-2022,12.56
19,South East,14:30 14-11-2022,12.56
19,South East,15:00 14-11-2022,12.56
19,South East,15:30 14-11-2022,12.56
19,South East,16:00 14-11-2022,17.75
19,South East,16:30 14-11-2022,17.75
19,South East,17:00 14-11-2022,17.75
19,South East,17:30 14-11-2022,17.75
19,South East,18:00 14-11-2022,17.75
19,South East,18:30 14-11-2022,17.75
19,South East,19:00 14-11-2022,12.12
19,South East,19:30 14-11-2022,12.12
19,South East,20:00 14-11-2022,12.12
19,South East,20:30 14-11-2022,12.12
19,South East,21:00 14-11-2022,12.12
19,South East,21:30 14-11-2022,12.12
19,South East,22:00 14-11-2022,12.12
19,South East,22:30 14-11-2022,12.12
19,South East,23:00 14-11-2022,11.97
19,South East,23:30 14-11-2022,11.97
19,South East,00:00 15-11-2022,11.97
19,South East,00:30 15-11-2022,11.97
19,South East,01:00 15-11-2022,11.97
19,South East,01:30 15-11-2022,11.97
19,South East,02:00 15-11-2022,11.97
19,South East,02:30 15-11-2022,11.97
19,South East,03:00 15-11-2022,11.97
19,South East,03:30 15-11-2022,11.97
19,South East,04:00 15-11-2022,11.97
19,South East,04:30 15-11-2022,11.97
19,South East,05:00 15-11-2022,11.97
19,South East,05:30 15-11-2022,11.97
19,South East,06:00 15-11-2022,11.97
19,South East,06:30 15-11-2022,11.97
19,South East,07:00 15-11-2022,12.56
19,South East,07:30 15-11-2022,12.56
19,South East,08:00 15-11-2022,12.56
19,South East,08:30 15-11-2022,12.56
19,South East,09:00 15-11-2022,12.56
19,South East,09:30 15-11-2022,12.56
19,South East,10:00 15-11-2022,12.56
19,South East,10:30 15-11-2022,12.56
19,South East,11:00 15-11-2022,12.56
19,South East,11:30 15-11-2022,12.56
19,South East,12:00 15-11-2022,12.56
19,South East,12:30 15-11-2022,12.56
19,South East,13:00 15-11-2022,12.56
19,South East,13:30 15-11-2022,12.56
19,South East,14:00 15-11-2022,12.56
19,South East,14:30 15-11-2022,12.56
19,South East,15:00 15-11-2022,12.56
19,South East,15:30 15-11-2022,12.56
19,South East,16:00 15-11-2022,17.75
19,South East,16:30 15-11-2022,17.75
19,South East,17:00 15-11-2022,17.75
19,South East,17:30 15-11-2022,17.75
19,South East,18:00 15-11-2022,17.75
19,South East,18:30 15-11-2022,17.75
19,South East,19:00 15-11-2022,12.12
19,South East,19:30 15-11-2022,12.12
19,South East,20:00 15-11-2022,12.12
19,South East,20:30 15-11-2022,12.12
19,South East,21:00 15-11-2022,12.12
19,South East,21:30 15-11-2022,12.12
19,South East,22:00 15-11-2022,12.12
19,South East,22:30 15-11-2022,12.12
19,South East,23:00 15-11-2022,11.97
19,South East,23:30 15-11-2022,11.97
19,South East,00:00 16-11-2022,11.97
19,South East,00:30 16-11-2022,11.97
19,South East,01:00 16-11-2022,11.97
19,South East,01:30 16-11-2022,11.97
19,South East,02:00 16-11-2022,11.97
19,South East,02:30 16-11-2022,11.97
19,South East,03:00 16-11-2022,11.97
19,South East,03:30 16-11-2022,11.97
19,South East,04:00 16-11-2022,11.97
19,South East,04:30 16-11-2022,11.97
19,South East,05:00 16-11-2022,11.97
19,South East,05:30 16-11-2022,11.97
19,South East,06:00 16-11-2022,11.97
19,South East,06:30 16-11-2022,11.97
19,South East,07:00 16-11-2022,12.56
19,South East,07:30 16-11-2022,12.56
19,South East,08:00 16-11-2022,12.56
19,South East,08:30 16-11-2022,12.56
19,South East,09:00 16-11-2022,12.56
19,South East,09:30 16-11-2022,12.56
19,South East,10:00 16-11-2022,12.56
19,South East,10:30 16-11-2022,12.56
19,South East,11:00 16-11-2022,12.56
19,South East,11:30 16-11-2022,12.56
19,South East,12:00 16-11-2022,12.56
19,South East,12:30 16-11-2022,12.56
19,South East,13:00 16-11-2022,12.56
19,South East,13:30 16-11-2022,12.56
19,South East,14:00 16-11-2022,12.56
19,South East,14:30 16-11-2022,12.56
19,South East,15:00 16-11-2022,12.56
19,South East,15:30 16-11-2022,12.56
19,South East,16:00 16-11-2022,17.75
19,South East,16:30 16-11-2022,17.75
19,South East,17:00 16-11-2022,17.75
19,South East,17:30 16-11-2022,17.75
19,South East,18:00 16-11-2022,17.75
19,South East,18:30 16-11-2022,17.75
19,South East,19:00 16-11-2022,12.12
19,South East,19:30 16-11-2022,12.12
19,South East,20:00 16-11-2022,12.12
19,South East,20:30 16-11-2022,12.12
19,South East,21:00 16-11-2022,12.12
19,South East,21:30 16-11-2022,12.12
19,South East,22:00 16-11-2022,12.12
19,South East,22:30 16-11-2022,12.12
19,South East,23:00 16-11-2022,11.97
19,South East,23:30 16-11-2022,11.97
19,South East,00:00 17-11-2022,11.97
19,South East,00:30 17-11-2022,11.97
19,South East,01:00 17-11-2022,11.97
19,South East,01:30 17-11-2022,11.97
19,South East,02:00 17-11-2022,11.97
19,South East,02:30 17-11-2022,11.97
19,South East,03:00 17-11-2022,11.97
19,South East,03:30 17-11-2022,11.97
19,South East,04:00 17-11-2022,11.97
19,South East,04:30 17-11-2022,11.97
19,South East,05:00 17-11-2022,11.97
19,South East,05:30 17-11-2022,11.97
19,South East,06:00 17-11-2022,11.97
19,South East,06:30 17-11-2022,11.97
19,South East,07:00 17-11-2022,12.56
19,South East,07:30 17-11-2022,12.56
19,South East,08:00 17-11-2022,12.56
19,South East,08:30 17-11-2022,12.56
19,South East,09:00 17-11-2022,12.56
19,South East,09:30 17-11-2022,12.56
19,South East,10:00 17-11-2022,12.56
19,South East,10:30 17-11-2022,12.56
19,South East,11:00 17-11-2022,12.56
19,South East,11:30 17-11-2022,12.56
19,South East,12:00 17-11-2022,12.56
19,South East,12:30 17-11-2022,12.56
19,South East,13:00 17-11-2022,12.56
19,South East,13:30 17-11-2022,12.56
19,South East,14:00 17-11-2022,12.56
19,South East,14:30 17-11-2022,12.56
19,South East,15:00 17-11-2022,12.56
19,South East,15:30 17-11-2022,12.56
19,South East,16:00 17-11-2022,17.75
19,South East,16:30 17-11-2022,17.75
19,South East,17:00 17-11-2022,17.75
19,South East,17:30 17-11-2022,17.75
19,South East,18:00 17-11-2022,17.75
19,South East,18:30 17-11-2022,17.75
19,South East,19:00 17-11-2022,12.12
19,South East,19:30 17-11-2022,12.12
19,South East,20:00 17-11-2022,12.12
19,South East,20:30 17-11-2022,12.12
19,South East,21:00 17-11-2022,12.12
19,South East,21:30 17-11-2022,12.12
19,South East,22:00 17-11-2022,12.12
19,South East,22:30 17-11-2022,12.12
19,South East,23:00 17-11-2022,11.97
19,South East,23:30 17-11-2022,11.97
19,South East,00:00 18-11-2022,11.97
19,South East,00:30 18-11-2022,11.97
19,South East,01:00 18-11-2022,11.97
19,South East,01:30 18-11-2022,11.97
19,South East,02:00 18-11-2022,11.97
19,South East,02:30 18-11-2022,11.97
19,South East,03:00 18-11-2022,11.97
19,South East,03:30 18-11-2022,11.97
19,South East,04:00 18-11-2022,11.97
19,South East,04:30 18-11-2022,11.97
19,South East,05:00 18-11-2022,11.97
19,South East,05:30 18-11-2022,11.97
19,South East,06:00 18-11-2022,11.97
19,South East,06:30 18-11-2022,11.97
19,South East,07:00 18-11-2022,12.56
19,South East,07:30 18-11-2022,12.56
19,South East,08:00 18-11-2022,12.56
19,South East,08:30 18-11-2022,12.56
19,South East,09:00 18-11-2022,12.56
19,South East,09:30 18-11-2022,12.56
19,South East,10:00 18-11-2022,12.56
19,South East,10:30 18-11-2022,12.56
19,South East,11:00 18-11-2022,12.56
19,South East,11:30 18-11-2022,12.56
19,South East,12:00 18-11-2022,12.56
19,South East,12:30 18-11-2022,12.56
19,South East,13:00 18-11-2022,12.56
19,South East,13:30 18-11-2022,12.56
19,South East,14:00 18-11-2022,12.56
19,South East,14:30 18-11-2022,12.56
19,South East,15:00 18-11-2022,12.56
19,South East,15:30 18-11-2022,12.56
19,South East,16:00 18-11-2022,17.75
19,South East,16:30 18-11-2022,17.75
19,South East,17:00 18-11-2022,17.75
19,South East,17:30 18-11-2022,17.75
19,South East,18:00 18-11-2022,17.75
19,South East,18:30 18-11-2022,17.75
19,South East,19:00 18-11-2022,12.12
19,South East,19:30 18-11-2022,12.12
19,South East,20:00 18-11-2022,12.12
19,South East,20:30 18-11-2022,12.12
19,South East,21:00 18-11-2022,12.12
19,South East,21:30 18-11-2022,12.12
19,South East,22:00 18-11-2022,12.12
19,South East,22:30 18-11-2022,12.12
19,South East,23:00 18-11-2022,11.97
19,South East,23:30 18-11-2022,11.97
19,South East,00:00 19-11-2022,11.97
19,South East,00:30 19-11-2022,11.97
19,South East,01:00 19-11-2022,11.97
19,South East,01:30 19-11-2022,11.97
19,South East,02:00 19-11-2022,11.97
19,South East,02:30 19-11-2022,11.97
19,South East,03:00 19-11-2022,11.97
19,South East,03:30 19-11-2022,11.97
19,South East,04:00 19-11-2022,11.97
19,South East,04:30 19-11-2022,11.97
19,South East,05:00 19-11-2022,11.97
19,South East,05:30 19-11-2022,11.97
19,South East,06:00 19-11-2022,11.97
19,South East,06:30 19-11-2022,11.97
19,South East,07:00 19-11-2022,12.41
19,South East,07:30 19-11-2022,12.41
19,South East,08:00 19-11-2022,12.41
19,South East,08:30 19-11-2022,12.41
19,South East,09:00 19-11-2022,12.41
19,South East,09:30 19-11-2022,12.41
19,South East,10:00 19-11-2022,12.41
19,South East,10:30 19-11-2022,12.41
19,South East,11:00 19-11-2022,12.41
19,South East,11:30 19-11-2022,12.41
19,South East,12:00 19-11-2022,12.41
19,South East,12:30 19-11-2022,12.41
19,South East,13:00 19-11-2022,12.41
19,South East,13:30 19-11-2022,12.41
19,South East,14:00 19-11-2022,12.41
19,South East,14:30 19-11-2022,12.41
19,South East,15:00 19-11-2022,12.41
19,South East,15:30 19-11-2022,12.41
19,South East,16:00 19-11-2022,12.41
19,South East,16:30 19-11-2022,12.41
19,South East,17:00 19-11-2022,12.41
19,South East,17:30 19-11-2022,12.41
19,South East,18:00 19-11-2022,12.41
19,South East,18:30 19-11-2022,12.41
19,South East,19:00 19-11-2022,11.97
19,South East,19:30 19-11-2022,11.97
19,South East,20:00 19-11-2022,11.97
19,South East,20:30 19-11-2022,11.97
19,South East,21:00 19-11-2022,11.97
19,South East,21:30 19-11-2022,11.97
19,South East,22:00 19-11-2022,11.97
19,South East,22:30 19-11-2022,11.97
19,South East,23:00 19-11-2022,11.97
19,South East,23:30 19-11-2022,11.97
19,South East,00:00 20-11-2022,11.97
19,South East,00:30 20-11-2022,11.97
19,South East,01:00 20-11-2022,11.97
19,South East,01:30 20-11-2022,11.97
19,South East,02:00 20-11-2022,11.97
19,South East,02:30 20-11-2022,11.97
19,South East,03:00 20-11-2022,11.97
19,South East,03:30 20-11-2022,11.97
19,South East,04:00 20-11-2022,11.97
19,South East,04:30 20-11-2022,11.97
19,South East,05:00 20-11-2022,11.97
19,South East,05:30 20-11-2022,11.97
19,South East,06:00 20-11-2022,11.97
19,South East,06:30 20-11-2022,11.97
19,South East,07:00 20-11-2022,12.41
19,South East,07:30 20-11-2022,12.41
19,South East,08:00 20-11-2022,12.41
19,South East,08:30 20-11-2022,12.41
19,South East,09:00 20-11-2022,12.41
19,South East,09:30 20-11-2022,12.41
19,South East,10:00 20-11-2022,12.41
19,South East,10:30 20-11-2022,12.41
19,South East,11:00 20-11-2022,12.41
19,South East,11:30 20-11-2022,12.41
19,South East,12:00 20-11-2022,12.41
19,South East,12:30 20-11-2022,12.41
19,South East,13:00 20-11-2022,12.41
19,South East,13:30 20-11-2022,12.41
19,South East,14:00 20-11-2022,12.41
19,South East,14:30 20-11-2022,12.41
19,South East,15:00 20-11-2022,12.41
19,South East,15:30 20-11-2022,12.41
19,South East,16:00 20-11-2022,12.41
19,South East,16:30 20-11-2022,12.41
19,South East,17:00 20-11-2022,12.41
19,South East,17:30 20-11-2022,12.41
19,South East,18:00 20-11-2022,12.41
19,South East,18:30 20-11-2022,12.41
19,South East,19:00 20-11-2022,11.97
19,South East,19:30 20-11-2022,11.97
19,South East,20:00 20-11-2022,11.97
19,South East,20:30 20-11-2022,11.97
19,South East,21:00 20-11-2022,11.97
19,South East,21:30 20-11-2022,11.97
19,South East,22:00 20-11-2022,11.97
19,South East,22:30 20-11-2022,11.97
19,South East,23:00 20-11-2022,11.97
19,South East,23:30 20-11-2022,11.97
19,South East,00:00 21-11-2022,11.97
19,South East,00:30 21-11-2022,11.97
19,South East,01:00 21-11-2022,11.97
19,South East,01:30 21-11-2022,11.97
19,South East,02:00 21-11-2022,11.97
19,South East,02:30 21-11-2022,11.97
19,South East,03:00 21-11-2022,11.97
19,South East,03:30 21-11-2022,11.97
19,South East,04:00 21-11-2022,11.97
19,South East,04:30 21-11-2022,11.97
19,South East,05:00 21-11-2022,11.97
19,South East,05:30 21-11-2022,11.97
19,South East,06:00 21-11-2022,11.97
19,South East,06:30 21-11-2022,11.97
19,South East,07:00 21-11-2022,12.56
19,South East,07:30 21-11-2022,12.56
19,South East,08:00 21-11-2022,12.56
19,South East,08:30 21-11-2022,12.56
19,South East,09:00 21-11-2022,12.56
19,South East,09:30 21-11-2022,12.56
19,South East,10:00 21-11-2022,12.56
19,South East,10:30 21-11-2022,12.56
19,South East,11:00 21-11-2022,12.56
19,South East,11:30 21-11-2022,12.56
19,South East,12:00 21-11-2022,12.56
19,South East,12:30 21-11-2022,12.56
19,South East,13:00 21-11-2022,12.56
19,South East,13:30 21-11-2022,12.56
19,South East,14:00 21-11-2022,12.56
19,South East,14:30 21-11-2022,12.56
19,South East,15:00 21-11-2022,12.56
19,South East,15:30 21-11-2022,12.56
19,South East,16:00 21-11-2022,17.75
19,South East,16:30 21-11-2022,17.75
19,South East,17:00 21-11-2022,17.75
19,South East,17:30 21-11-2022,17.75
19,South East,18:00 21-11-2022,17.75
19,South East,18:30 21-11-2022,17.75
19,South East,19:00 21-11-2022,12.12
19,South East,19:30 21-11-2022,12.12
19,South East,20:00 21-11-2022,12.12
19,South East,20:30 21-11-2022,12.12
19,South East,21:00 21-11-2022,12.12
19,South East,21:30 21-11-2022,12.12
19,South East,22:00 21-11-2022,12.12
19,South East,22:30 21-11-2022,12.12
19,South East,23:00 21-11-2022,11.97
19,South East,23:30 21-11-2022,11.97
19,South East,00:00 22-11-2022,11.97
19,South East,00:30 22-11-2022,11.97
19,South East,01:00 22-11-2022,11.97
19,South East,01:30 22-11-2022,11.97
19,South East,02:00 22-11-2022,11.97
19,South East,02:30 22-11-2022,11.97
19,South East,03:00 22-11-2022,11.97
19,South East,03:30 22-11-2022,11.97
19,South East,04:00 22-11-2022,11.97
19,South East,04:30 22-11-2022,11.97
19,South East,05:00 22-11-2022,11.97
19,South East,05:30 22-11-2022,11.97
19,South East,06:00 22-11-2022,11.97
19,South East,06:30 22-11-2022,11.97
19,South East,07:00 22-11-2022,12.56
19,South East,07:30 22-11-2022,12.56
19,South East,08:00 22-11-2022,12.56
19,South East,08:30 22-11-2022,12.56
19,South East,09:00 22-11-2022,12.56
19,South East,09:30 22-11-2022,12.56
19,South East,10:00 22-11-2022,12.56
19,South East,10:30 22-11-2022,12.56
19,South East,11:00 22-11-2022,12.56
19,South East,11:30 22-11-2022,12.56
19,South East,12:00 22-11-2022,12.56
19,South East,12:30 22-11-2022,12.56
19,South East,13:00 22-11-2022,12.56
19,South East,13:30 22-11-2022,12.56
19,South East,14:00 22-11-2022,12.56
19,South East,14:30 22-11-2022,12.56
19,South East,15:00 22-11-2022,12.56
19,South East,15:30 22-11-2022,12.56
19,South East,16:00 22-11-2022,17.75
19,South East,16:30 22-11-2022,17.75
19,South East,17:00 22-11-2022,17.75
19,South East,17:30 22-11-2022,17.75
19,South East,18:00 22-11-2022,17.75
19,South East,18:30 22-11-2022,17.75
19,South East,19:00 22-11-2022,12.12
19,South East,19:30 22-11-2022,12.12
19,South East,20:00 22-11-2022,12.12
19,South East,20:30 22-11-2022,12.12
19,South East,21:00 22-11-2022,12.12
19,South East,21:30 22-11-2022,12.12
19,South East,22:00 22-11-2022,12.12
19,South East,22:30 22-11-2022,12.12
19,South East,23:00 22-11-2022,11.97
19,South East,23:30 22-11-2022,11.97
19,South East,00:00 23-11-2022,11.97
19,South East,00:30 23-11-2022,11.97
19,South East,01:00 23-11-2022,11.97
19,South East,01:30 23-11-2022,11.97
19,South East,02:00 23-11-2022,11.97
19,South East,02:30 23-11-2022,11.97
19,South East,03:00 23-11-2022,11.97
19,South East,03:30 23-11-2022,11.97
19,South East,04:00 23-11-2022,11.97
19,South East,04:30 23-11-2022,11.97
19,South East,05:00 23-11-2022,11.97
19,South East,05:30 23-11-2022,11.97
19,South East,06:00 23-11-2022,11.97
19,South East,06:30 23-11-2022,11.97
19,South East,07:00 23-11-2022,12.56
19,South East,07:30 23-11-2022,12.56
19,South East,08:00 23-11-2022,12.56
19,South East,08:30 23-11-2022,12.56
19,South East,09:00 23-11-2022,12.56
19,South East,09:30 23-11-2022,12.56
19,South East,10:00 23-11-2022,12.56
19,South East,10:30 23-11-2022,12.56
19,South East,11:00 23-11-2022,12.56
19,South East,11:30 23-11-2022,12.56
19,South East,12:00 23-11-2022,12.56
19,South East,12:30 23-11-2022,12.56
19,South East,13:00 23-11-2022,12.56
19,South East,13:30 23-11-2022,12.56
19,South East,14:00 23-11-2022,12.56
19,South East,14:30 23-11-2022,12.56
19,South East,15:00 23-11-2022,12.56
19,South East,15:30 23-11-2022,12.56
19,South East,16:00 23-11-2022,17.75
19,South East,16:30 23-11-2022,17.75
19,South East,17:00 23-11-2022,17.75
19,South East,17:30 23-11-2022,17.75
19,South East,18:00 23-11-2022,17.75
19,South East,18:30 23-11-2022,17.75
19,South East,19:00 23-11-2022,12.12
19,South East,19:30 23-11-2022,12.12
19,South East,20:00 23-11-2022,12.12
19,South East,20:30 23-11-2022,12.12
19,South East,21:00 23-11-2022,12.12
19,South East,21:30 23-11-2022,12.12
19,South East,22:00 23-11-2022,12.12
19,South East,22:30 23-11-2022,12.12
19,South East,23:00 23-11-2022,11.97
19,South East,23:30 23-11-2022,11.97
19,South East,00:00 24-11-2022,11.97
19,South East,00:30 24-11-2022,11.97
19,South East,01:00 24-11-2022,11.97
19,South East,01:30 24-11-2022,11.97
19,South East,02:00 24-11-2022,11.97
19,South East,02:30 24-11-2022,11.97
19,South East,03:00 24-11-2022,11.97
19,South East,03:30 24-11-2022,11.97
19,South East,04:00 24-11-2022,11.97
19,South East,04:30 24-11-2022,11.97
19,South East,05:00 24-11-2022,11.97
19,South East,05:30 24-11-2022,11.97
19,South East,06:00 24-11-2022,11.97
19,South East,06:30 24-11-2022,11.97
19,South East,07:00 24-11-2022,12.56
19,South East,07:30 24-11-2022,12.56
19,South East,08:00 24-11-2022,12.56
19,South East,08:30 24-11-2022,12.56
19,South East,09:00 24-11-2022,12.56
19,South East,09:30 24-11-2022,12.56
19,South East,10:00 24-11-2022,12.56
19,South East,10:30 24-11-2022,12.56
19,South East,11:00 24-11-2022,12.56
19,South East,11:30 24-11-2022,12.56
19,South East,12:00 24-11-2022,12.56
19,South East,12:30 24-11-2022,12.56
19,South East,13:00 24-11-2022,12.56
19,South East,13:30 24-11-2022,12.56
19,South East,14:00 24-11-2022,12.56
19,South East,14:30 24-11-2022,12.56
19,South East,15:00 24-11-2022,12.56
19,South East,15:30 24-11-2022,12.56
19,South East,16:00 24-11-2022,17.75
19,South East,16:30 24-11-2022,17.75
19,South East,17:00 24-11-2022,17.75
19,South East,17:30 24-11-2022,17.75
19,South East,18:00 24-11-2022,17.75
19,South East,18:30 24-11-2022,17.75
19,South East,19:00 24-11-2022,12.12
19,South East,19:30 24-11-2022,12.12
19,South East,20:00 24-11-2022,12.12
19,South East,20:30 24-11-2022,12.12
19,South East,21:00 24-11-2022,12.12
19,South East,21:30 24-11-2022,12.12
19,South East,22:00 24-11-2022,12.12
19,South East,22:30 24-11-2022,12.12
19,South East,23:00 24-11-2022,11.97
19,South East,23:30 24-11-2022,11.97
19,South East,00:00 25-11-2022,11.97
19,South East,00:30 25-11-2022,11.97
19,South East,01:00 25-11-2022,11.97
19,South East,01:30 25-11-2022,11.97
19,South East,02:00 25-11-2022,11.97
19,South East,02:30 25-11-2022,11.97
19,South East,03:00 25-11-2022,11.97
19,South East,03:30 25-11-2022,11.97
19,South East,04:00 25-11-2022,11.97
19,South East,04:30 25-11-2022,11.97
19,South East,05:00 25-11-2022,11.97
19,South East,05:30 25-11-2022,11.97
19,South East,06:00 25-11-2022,11.97
19,South East,06:30 25-11-2022,11.97
19,South East,07:00 25-11-2022,12.56
19,South East,07:30 25-11-2022,12.56
19,South East,08:00 25-11-2022,12.56
19,South East,08:30 25-11-2022,12.56
19,South East,09:00 25-11-2022,12.56
19,South East,09:30 25-11-2022,12.56
19,South East,10:00 25-11-2022,12.56
19,South East,10:30 25-11-2022,12.56
19,South East,11:00 25-11-2022,12.56
19,South East,11:30 25-11-2022,12.56
19,South East,12:00 25-11-2022,12.56
19,South East,12:30 25-11-2022,12.56
19,South East,13:00 25-11-2022,12.56
19,South East,13:30 25-11-2022,12.56
19,South East,14:00 25-11-2022,12.56
19,South East,14:30 25-11-2022,12.56
19,South East,15:00 25-11-2022,12.56
19,South East,15:30 25-11-2022,12.56
19,South East,16:00 25-11-2022,17.75
19,South East,16:30 25-11-2022,17.75
19,South East,17:00 25-11-2022,17.75
19,South East,17:30 25-11-2022,17.75
19,South East,18:00 25-11-2022,17.75
19,South East,18:30 25-11-2022,17.75
19,South East,19:00 25-11-2022,12.12
19,South East,19:30 25-11-2022,12.12
19,South East,20:00 25-11-2022,12.12
19,South East,20:30 25-11-2022,12.12
19,South East,21:00 25-11-2022,12.12
19,South East,21:30 25-11-2022,12.12
19,South East,22:00 25-11-2022,12.12
19,South East,22:30 25-11-2022,12.12
19,South East,23:00 25-11-2022,11.97
19,South East,23:30 25-11-2022,11.97
19,South East,00:00 26-11-2022,11.97
19,South East,00:30 26-11-2022,11.97
19,South East,01:00 26-11-2022,11.97
19,South East,01:30 26-11-2022,11.97
19,South East,02:00 26-11-2022,11.97
19,South East,02:30 26-11-2022,11.97
19,South East,03:00 26-11-2022,11.97
19,South East,03:30 26-11-2022,11.97
19,South East,04:00 26-11-2022,11.97
19,South East,04:30 26-11-2022,11.97
19,South East,05:00 26-11-2022,11.97
19,South East,05:30 26-11-2022,11.97
19,South East,06:00 26-11-2022,11.97
19,South East,06:30 26-11-2022,11.97
19,South East,07:00 26-11-2022,12.41
19,South East,07:30 26-11-2022,12.41
19,South East,08:00 26-11-2022,12.41
19,South East,08:30 26-11-2022,12.41
19,South East,09:00 26-11-2022,12.41
19,South East,09:30 26-11-2022,12.41
19,South East,10:00 26-11-2022,12.41
19,South East,10:30 26-11-2022,12.41
19,South East,11:00 26-11-2022,12.41
19,South East,11:30 26-11-2022,12.41
19,South East,12:00 26-11-2022,12.41
19,South East,12:30 26-11-2022,12.41
19,South East,13:00 26-11-2022,12.41
19,South East,13:30 26-11-2022,12.41
19,South East,14:00 26-11-2022,12.41
19,South East,14:30 26-11-2022,12.41
19,South East,15:00 26-11-2022,12.41
19,South East,15:30 26-11-2022,12.41
19,South East,16:00 26-11-2022,12.41
19,South East,16:30 26-11-2022,12.41
19,South East,17:00 26-11-2022,12.41
19,South East,17:30 26-11-2022,12.41
19,South East,18:00 26-11-2022,12.41
19,South East,18:30 26-11-2022,12.41
19,South East,19:00 26-11-2022,11.97
19,South East,19:30 26-11-2022,11.97
19,South East,20:00 26-11-2022,11.97
19,South East,20:30 26-11-2022,11.97
19,South East,21:00 26-11-2022,11.97
19,South East,21:30 26-11-2022,11.97
19,South East,22:00 26-11-2022,11.97
19,South East,22:30 26-11-2022,11.97
19,South East,23:00 26-11-2022,11.97
19,South East,23:30 26-11-2022,11.97
19,South East,00:00 27-11-2022,11.97
19,South East,00:30 27-11-2022,11.97
19,South East,01:00 27-11-2022,11.97
19,South East,01:30 27-11-2022,11.97
19,South East,02:00 27-11-2022,11.97
19,South East,02:30 27-11-2022,11.97
19,South East,03:00 27-11-2022,11.97
19,South East,03:30 27-11-2022,11.97
19,South East,04:00 27-11-2022,11.97
19,South East,04:30 27-11-2022,11.97
19,South East,05:00 27-11-2022,11.97
19,South East,05:30 27-11-2022,11.97
19,South East,06:00 27-11-2022,11.97
19,South East,06:30 27-11-2022,11.97
19,South East,07:00 27-11-2022,12.41
19,South East,07:30 27-11-2022,12.41
19,South East,08:00 27-11-2022,12.41
19,South East,08:30 27-11-2022,12.41
19,South East,09:00 27-11-2022,12.41
19,South East,09:30 27-11-2022,12.41
19,South East,10:00 27-11-2022,12.41
19,South East,10:30 27-11-2022,12.41
19,South East,11:00 27-11-2022,12.41
19,South East,11:30 27-11-2022,12.41
19,South East,12:00 27-11-2022,12.41
19,South East,12:30 27-11-2022,12.41
19,South East,13:00 27-11-2022,12.41
19,South East,13:30 27-11-2022,12.41
19,South East,14:00 27-11-2022,12.41
19,South East,14:30 27-11-2022,12.41
19,South East,15:00 27-11-2022,12.41
19,South East,15:30 27-11-2022,12.41
19,South East,16:00 27-11-2022,12.41
19,South East,16:30 27-11-2022,12.41
19,South East,17:00 27-11-2022,12.41
19,South East,17:30 27-11-2022,12.41
19,South East,18:00 27-11-2022,12.41
19,South East,18:30 27-11-2022,12.41
19,South East,19:00 27-11-2022,11.97
19,South East,19:30 27-11-2022,11.97
19,South East,20:00 27-11-2022,11.97
19,South East,20:30 27-11-2022,11.97
19,South East,21:00 27-11-2022,11.97
19,South East,21:30 27-11-2022,11.97
19,South East,22:00 27-11-2022,11.97
19,South East,22:30 27-11-2022,11.97
19,South East,23:00 27-11-2022,11.97
19,South East,23:30 27-11-2022,11.97
19,South East,00:00 28-11-2022,11.97
19,South East,00:30 28-11-2022,11.97
19,South East,01:00 28-11-2022,11.97
19,South East,01:30 28-11-2022,11.97
19,South East,02:00 28-11-2022,11.97
19,South East,02:30 28-11-2022,11.97
19,South East,03:00 28-11-2022,11.97
19,South East,03:30 28-11-2022,11.97
19,South East,04:00 28-11-2022,11.97
19,South East,04:30 28-11-2022,11.97
19,South East,05:00 28-11-2022,11.97
19,South East,05:30 28-11-2022,11.97
19,South East,06:00 28-11-2022,11.97
19,South East,06:30 28-11-2022,11.97
19,South East,07:00 28-11-2022,12.56
19,South East,07:30 28-11-2022,12.56
19,South East,08:00 28-11-2022,12.56
19,South East,08:30 28-11-2022,12.56
19,South East,09:00 28-11-2022,12.56
19,South East,09:30 28-11-2022,12.56
19,South East,10:00 28-11-2022,12.56
19,South East,10:30 28-11-2022,12.56
19,South East,11:00 28-11-2022,12.56
19,South East,11:30 28-11-2022,12.56
19,South East,12:00 28-11-2022,12.56
19,South East,12:30 28-11-2022,12.56
19,South East,13:00 28-11-2022,12.56
19,South East,13:30 28-11-2022,12.56
19,South East,14:00 28-11-2022,12.56
19,South East,14:30 28-11-2022,12.56
19,South East,15:00 28-11-2022,12.56
19,South East,15:30 28-11-2022,12.56
19,South East,16:00 28-11-2022,17.75
19,South East,16:30 28-11-2022,17.75
19,South East,17:00 28-11-2022,17.75
19,South East,17:30 28-11-2022,17.75
19,South East,18:00 28-11-2022,17.75
19,South East,18:30 28-11-2022,17.75
19,South East,19:00 28-11-2022,12.12
19,South East,19:30 28-11-2022,12.12
19,South East,20:00 28-11-2022,12.12
19,South East,20:30 28-11-2022,12.12
19,South East,21:00 28-11-2022,12.12
19,South East,21:30 28-11-2022,12.12
19,South East,22:00 28-11-2022,12.12
19,South East,22:30 28-11-2022,12.12
19,South East,23:00 28-11-2022,11.97
19,South East,23:30 28-11-2022,11.97
19,South East,00:00 29-11-2022,11.97
19,South East,00:30 29-11-2022,11.97
19,South East,01:00 29-11-2022,11.97
19,South East,01:30 29-11-2022,11.97
19,South East,02:00 29-11-2022,11.97
19,South East,02:30 29-11-2022,11.97
19,South East,03:00 29-11-2022,11.97
19,South East,03:30 29-11-2022,11.97
19,South East,04:00 29-11-2022,11.97
19,South East,04:30 29-11-2022,11.97
19,South East,05:00 29-11-2022,11.97
19,South East,05:30 29-11-2022,11.97
19,South East,06:00 29-11-2022,11.97
19,South East,06:30 29-11-2022,11.97
19,South East,07:00 29-11-2022,12.56
19,South East,07:30 29-11-2022,12.56
19,South East,08:00 29-11-2022,12.56
19,South East,08:30 29-11-2022,12.56
19,South East,09:00 29-11-2022,12.56
19,South East,09:30 29-11-2022,12.56
19,South East,10:00 29-11-2022,12.56
19,South East,10:30 29-11-2022,12.56
19,South East,11:00 29-11-2022,12.56
19,South East,11:30 29-11-2022,12.56
19,South East,12:00 29-11-2022,12.56
19,South East,12:30 29-11-2022,12.56
19,South East,13:00 29-11-2022,12.56
19,South East,13:30 29-11-2022,12.56
19,South East,14:00 29-11-2022,12.56
19,South East,14:30 29-11-2022,12.56
19,South East,15:00 29-11-2022,12.56
19,South East,15:30 29-11-2022,12.56
19,South East,16:00 29-11-2022,17.75
19,South East,16:30 29-11-2022,17.75
19,South East,17:00 29-11-2022,17.75
19,South East,17:30 29-11-2022,17.75
19,South East,18:00 29-11-2022,17.75
19,South East,18:30 29-11-2022,17.75
19,South East,19:00 29-11-2022,12.12
19,South East,19:30 29-11-2022,12.12
19,South East,20:00 29-11-2022,12.12
19,South East,20:30 29-11-2022,12.12
19,South East,21:00 29-11-2022,12.12
19,South East,21:30 29-11-2022,12.12
19,South East,22:00 29-11-2022,12.12
19,South East,22:30 29-11-2022,12.12
19,South East,23:00 29-11-2022,11.97
19,South East,23:30 29-11-2022,11.97
19,South East,00:00 30-11-2022,11.97
